Environnement : Air / n = 1 
Cube : Argent / n(lambda) / 70 nm
Gap diélectrique / n = 1.45 / 5 nm
Fonctionnalisation diélectrique / n = 1.45 / 1 nm
Couche métallique : Or / n(lambda) / 20 nm
Substrat : SiO2 / n = 1.5 / 200 nm

Wavelengths (nm) 	 Rd 	 Rd_mol	 Ru 	 Ru_mol 	 Td 	 Td_mol	 Tu 	 Tu_mol 
450.0, 0.17303900986460333	, 0.17109637937260055	, 0.09641275691682903	,0.09564686758021905	,0.3071709556506779	,0.3093739058779292	,0.3071709556500715	,0.3093739058773253
463.2911392405063, 0.17630634096699727	, 0.17454110245760246	, 0.08639434510325958	,0.08609611375444343	,0.31958607370263137	,0.3205936813949397	,0.3195860737024361	,0.32059368139478056
476.5822784810127, 0.18028099469767322	, 0.1788426571490084	, 0.07711299812750913	,0.07651706585612765	,0.3417936613389461	,0.3417918696225922	,0.3417936613393213	,0.34179186962300767
489.873417721519, 0.18552592711108004	, 0.18434396190200583	, 0.07124414214622353	,0.06986456026594623	,0.36817097040496705	,0.3675294532776776	,0.36817097040499575	,0.36752945327777087
503.1645569620253, 0.19272959901275344	, 0.19150618218203222	, 0.07059008363790246	,0.06818074358359527	,0.3951107838590192	,0.39440220762791023	,0.3951107838583467	,0.3944022076272115
516.4556962025316, 0.20228805075964262	, 0.2006338001320823	, 0.07606139437348904	,0.0726295491754472	,0.4206779688500679	,0.42048565729750514	,0.42067796885028197	,0.4204856572976687
529.746835443038, 0.21399795225671311	, 0.21162181629213167	, 0.08972132043280961	,0.08546807049996917	,0.44426332104280347	,0.4449574942406401	,0.44426332104282906	,0.4449574942406944
543.0379746835443, 0.2292836221273887	, 0.22617907629595607	, 0.11332083711917153	,0.1085436604948424	,0.46281898912737823	,0.46435880086958276	,0.4628189891271915	,0.46435880086939907
556.3291139240506, 0.24946391735378506	, 0.2458668291493975	, 0.14545701563819957	,0.14009427768336855	,0.47412921351147463	,0.47587830950136345	,0.4741292135120046	,0.4758783095016881
569.620253164557, 0.2770096335271013	, 0.27220881464200636	, 0.18763933484929365	,0.1810226022973953	,0.47663333209781483	,0.4794782004399345	,0.47663333209816894	,0.4794782004404369
582.9113924050632, 0.31628646406176264	, 0.31027958948097756	, 0.2340499052145332	,0.228011890621987	,0.4596726938884589	,0.46476989767427246	,0.45967269388792314	,0.4647698976738691
596.2025316455696, 0.360038907734952	, 0.35443271859203823	, 0.26207186757109024	,0.2597893473066556	,0.4222858581346208	,0.42852762870727734	,0.42228585813481856	,0.42852762870763267
609.493670886076, 0.38025009819543	, 0.37868789819187954	, 0.2473475671859623	,0.24825663447783275	,0.3980664102677139	,0.3986522903860523	,0.39806641026776235	,0.39865229038609096
622.7848101265822, 0.38268268882245904	, 0.3784197295764347	, 0.28198674456373857	,0.2718675252961396	,0.4300070023703563	,0.42905142234750904	,0.43000700237089967	,0.4290514223480641
636.0759493670886, 0.41868174882586	, 0.4119458158158815	, 0.36302551959215623	,0.3530553709337836	,0.4292165296643267	,0.4331370127209894	,0.42921652966450424	,0.43313701272123806
649.367088607595, 0.46112775009999757	, 0.45458070615363955	, 0.42588765331136397	,0.4180633910717369	,0.40508497558957324	,0.41020641724338786	,0.4050849755887251	,0.4102064172426431
662.6582278481012, 0.5002072558537725	, 0.4941071338911258	, 0.4741386977120458	,0.46762353583472255	,0.3766281582719406	,0.3818807907294313	,0.37662815827129975	,0.381880790728976
675.9493670886076, 0.5354355384279091	, 0.5297014012546237	, 0.5137969210190473	,0.508117476247599	,0.3483854006790062	,0.3535692723944711	,0.3483854006795396	,0.35356927239510966
689.2405063291139, 0.5673565511523896	, 0.5618948488141845	, 0.5477734861834829	,0.5427006808997143	,0.32134664475552877	,0.3264529490451525	,0.3213466447564348	,0.32645294904607675
702.5316455696202, 0.5964817333650199	, 0.5912139150199235	, 0.5775028389039925	,0.5729176894563269	,0.2956913752256502	,0.3007600283843491	,0.29569137522615835	,0.30076002838496063
715.8227848101266, 0.6232272665058017	, 0.6180870749998215	, 0.6038421893789967	,0.5996882335724328	,0.27138003329922483	,0.27646743835546744	,0.2713800332978019	,0.27646743835413595
729.1139240506329, 0.6479379147681654	, 0.6428687922413221	, 0.6272609597952006	,0.623518100464577	,0.24827670678217692	,0.2534444855082219	,0.24827670678192565	,0.2534444855081933
742.4050632911392, 0.6708802736447544	, 0.6658318598431316	, 0.6480419613776659	,0.6447213849518139	,0.2262435694260486	,0.23155887530458585	,0.22624356942728185	,0.2315588753058269
755.6962025316456, 0.6922865772419762	, 0.6872161734416149	, 0.6664217392467584	,0.6635779990921639	,0.20513174005419604	,0.21066704208516507	,0.2051317400560465	,0.21066704208683706
768.9873417721519, 0.7123512557520316	, 0.707227265645317	, 0.6824258573342435	,0.6801584237444819	,0.18476546943187822	,0.19059504332752336	,0.1847654694320039	,0.19059504332776284
782.2784810126582, 0.7311994642398306	, 0.7260046750645768	, 0.6959199588204418	,0.6943882118593805	,0.16499709262794582	,0.17119813561921762	,0.16499709262691997	,0.17119813561824138
795.5696202531645, 0.7489006952450448	, 0.7436417898099799	, 0.7067161722188295	,0.7061769747219281	,0.14570379435757552	,0.15235507509853713	,0.1457037943576348	,0.15235507509891233
808.8607594936709, 0.7654734792007609	, 0.7602020075164634	, 0.7144501753432544	,0.7153088767918053	,0.12676055235110967	,0.13393213266795345	,0.1267605523487383	,0.13393213266581386
822.1518987341772, 0.7808002554545501	, 0.7756420162194616	, 0.7183175547237495	,0.7211863689798254	,0.10808714486279158	,0.11582312374004014	,0.10808714486220425	,0.11582312373983557
835.4430379746835, 0.7945738722420385	, 0.789783513591316	, 0.7171210006510547	,0.7229382198051245	,0.08971334203853895	,0.09800129344890965	,0.08971334203796874	,0.09800129344849666
848.7341772151899, 0.8061779398387611	, 0.802233643099042	, 0.7090819441720805	,0.7192906147299406	,0.07184579635750174	,0.0805525588913887	,0.0718457963569571	,0.08055255889079224
862.0253164556962, 0.8145376963683048	, 0.8123097182620619	, 0.6916016851549179	,0.7084253787419765	,0.0550003533139448	,0.06374616319531799	,0.05500035331339033	,0.06374616319487769
875.3164556962025, 0.8177484334885852	, 0.8187693802710322	, 0.660582680861655	,0.6873504402479397	,0.04027963544650239	,0.04819744123158113	,0.040279635446088397	,0.04819744123119887
888.6075949367089, 0.812639747212692	, 0.8194836368458102	, 0.6102927963285137	,0.6517129382966529	,0.02988948748363869	,0.03522700374734713	,0.029889487484870723	,0.035227003748444376
901.8987341772151, 0.7944303901675936	, 0.8110939122729033	, 0.5338883646099511	,0.5957886096775852	,0.027728817571756062	,0.02726954495158252	,0.027728817571188644	,0.02726954495140737
915.1898734177215, 0.7569568222897284	, 0.7885865619272013	, 0.425864263423251	,0.5129198576808339	,0.03986548468139606	,0.02852043605821292	,0.03986548468124247	,0.028520436057610565
928.4810126582279, 0.6958764354971658	, 0.7462805166958062	, 0.2900692065869051	,0.39943747534544527	,0.07311581302818576	,0.04500433651797292	,0.07311581302572019	,0.045004336517024644
941.7721518987341, 0.6156057908928138	, 0.6812796692087086	, 0.1502147672003474	,0.2622260264574845	,0.12964709855669368	,0.08268094127485821	,0.12964709855093837	,0.08268094127056166
955.0632911392405, 0.5351541793261885	, 0.6005201983698324	, 0.04935297618601117	,0.1283949170190772	,0.1992970164487144	,0.14159850981817595	,0.1992970164512039	,0.1415985098199397
968.3544303797469, 0.47913387661594814	, 0.5245238864114051	, 0.02106309239510619	,0.040339844792200284	,0.26159094546975725	,0.20948619141983657	,0.2615909454726243	,0.20948619142199718
981.6455696202531, 0.4580533576488492	, 0.4751680193243785	, 0.06076609746654123	,0.024467726207823805	,0.30153185008410077	,0.2670780598449872	,0.3015318500907631	,0.26707805985065086
994.9367088607595, 0.46516170720958433	, 0.45955517615197594	, 0.13845389825095528	,0.07117906422678749	,0.31784105978167626	,0.30210637410352753	,0.31784105978430666	,0.3021063741049654
1008.2278481012659, 0.48784020723111293	, 0.46967227243874043	, 0.22589429533399555	,0.1504685795072182	,0.3173915548069892	,0.31495514311865463	,0.3173915548095242	,0.31495514312064704
1021.5189873417721, 0.516236001841703	, 0.49330153107563235	, 0.30768628718145935	,0.23659359381946235	,0.3077693233566141	,0.31282079971837456	,0.30776932336237917	,0.31282079972519017
1034.8101265822784, 0.5450199282697765	, 0.521637393881013	, 0.37858437541897927	,0.3164005443457598	,0.29409411774719807	,0.30265376745531897	,0.29409411775029887	,0.30265376745866546
1048.1012658227849, 0.5718851228054608	, 0.5500115883700138	, 0.43814267845900506	,0.3854442775978168	,0.27916872940998605	,0.28894324056155307	,0.2791687294071351	,0.28894324055755644
1061.392405063291, 0.5960450062196452	, 0.5763457827177297	, 0.48766510976668	,0.44344603767237345	,0.2644250182415179	,0.2742411113015127	,0.2644250182440027	,0.27424111130342793
1074.6835443037976, 0.6174484708623588	, 0.5999836986671175	, 0.5289660853327774	,0.4918505396561338	,0.2505253629190788	,0.259857664847797	,0.2505253629208804	,0.2598576648499742
1087.9746835443038, 0.636372218949977	, 0.6209779382719968	, 0.5637501607828982	,0.5324724502831839	,0.23767442405015168	,0.246317143534592	,0.23767442405049252	,0.24631714353482626
1101.26582278481, 0.6531475402534382	, 0.6395940091619287	, 0.5932919782735848	,0.5667720983699601	,0.2258654431456775	,0.23375480102105706	,0.2258654431470871	,0.23375480102256274
1114.5569620253164, 0.6680628732532684	, 0.6561054934210283	, 0.618558526688504	,0.5958921850082166	,0.2150475140183944	,0.22219546409685126	,0.21504751401725336	,0.22219546409600277
1127.8481012658226, 0.6813787466780001	, 0.6707862273942939	, 0.6403528655019314	,0.6208111702073714	,0.20515327521898907	,0.21161322699105023	,0.20515327521984963	,0.21161322699182072
1141.139240506329, 0.6933335546826475	, 0.6839053787322251	, 0.6593375007891463	,0.6423537255951837	,0.19609849536856658	,0.20193940413408118	,0.19609849536824553	,0.20193940413366981
1154.4303797468356, 0.7041328763712571	, 0.6957031147407853	, 0.6760281477008276	,0.6611619512782827	,0.18778938289954383	,0.19307792975060523	,0.1877893828990912	,0.19307792975017646
1167.7215189873418, 0.7139394534993975	, 0.7063685104378925	, 0.6908083733643621	,0.6777040896657577	,0.18013991880079325	,0.18493599149144763	,0.18013991880140418	,0.18493599149204393
1181.012658227848, 0.7228836104419128	, 0.7160514457778576	, 0.7039796306224295	,0.6923453074809395	,0.17307955575555584	,0.1774384206745851	,0.1730795557561501	,0.1774384206751627
1194.3037974683543, 0.7310759893531069	, 0.7248798637147533	, 0.7157983261428746	,0.7053980671261091	,0.16654960801154556	,0.17052297443797285	,0.1665496080099438	,0.1705229744365099
1207.5949367088606, 0.7386165877635749	, 0.7329711030593702	, 0.7264952986587728	,0.7171457805003502	,0.1604969312562758	,0.16413206896970287	,0.16049693125564288	,0.1641320689691041
1220.886075949367, 0.7455964441923076	, 0.7404333126941263	, 0.7362600649220713	,0.7278210496602177	,0.15486657500237483	,0.158203415363324	,0.1548665750020827	,0.1582034153627999
1234.1772151898736, 0.752087011827476	, 0.747350381230592	, 0.7452139910069838	,0.7375691030762286	,0.1496067836053093	,0.1526772472728445	,0.14960678360467006	,0.15267724727216853
1247.4683544303798, 0.7581404270659986	, 0.7537817000302074	, 0.7534408928553097	,0.7464868741666281	,0.14467811653394239	,0.14750908711620772	,0.1446781165351559	,0.14750908711750121
1260.759493670886, 0.7638002014275478	, 0.7597763126483688	, 0.7610200792430091	,0.7546665875918686	,0.14005039446698936	,0.14266595346145677	,0.1400503944669931	,0.1426659534613709
1274.0506329113923, 0.7691058133823405	, 0.7653790190165395	, 0.7680275823983186	,0.7621979020403382	,0.13569768372587981	,0.1381197723280652	,0.1356976837256102	,0.13811977232763942
1287.3417721518986, 0.7740934811344053	, 0.7706314340639834	, 0.774532489105448	,0.7691633559534289	,0.1315964736695625	,0.13384493568673528	,0.13159647366975966	,0.13384493568685174
1300.632911392405, 0.7787960769202407	, 0.7755717698218457	, 0.7805951514173916	,0.7756353048870914	,0.12772471059936724	,0.12981689726068715	,0.1277247105990694	,0.12981689726040269
1313.9240506329115, 0.7832414407984939	, 0.7802320613482724	, 0.7862639477201112	,0.7816701562066728	,0.12406190945926285	,0.12601247920725256	,0.12406190945966412	,0.12601247920762446
1327.2151898734178, 0.7874520458776971	, 0.7846373786525666	, 0.7915766135284502	,0.7873101377825041	,0.12059032792141058	,0.12241186215786233	,0.12059032792197384	,0.12241186215844722
1340.506329113924, 0.7914470098504579	, 0.7888087002591379	, 0.796565466686125	,0.792591219919075	,0.11729500665346765	,0.11899874464994598	,0.11729500665338415	,0.11899874464989561
1353.7974683544303, 0.7952434508900498	, 0.7927648593871827	, 0.8012600842776978	,0.7975468174918892	,0.11416303405635933	,0.11575925522323191	,0.11416303405675464	,0.11575925522375341
1367.0886075949365, 0.7988570173324128	, 0.7965231921223109	, 0.8056888191655003	,0.802209416823596	,0.11118312351102268	,0.11268135254731736	,0.11118312351105211	,0.11268135254747458
1380.379746835443, 0.8023027944694054	, 0.8001006372335643	, 0.8098812362730388	,0.8066134411812907	,0.10834508837835667	,0.10975416500153043	,0.1083450883784521	,0.10975416500157475
1393.6708860759495, 0.8055960189834448	, 0.8035145975136456	, 0.8138669552490526	,0.8107937332235888	,0.10563863064694874	,0.10696646033392095	,0.10563863064670109	,0.10696646033371779
1406.9620253164558, 0.8087504753722479	, 0.8067808042685525	, 0.8176674673749544	,0.8147751677005116	,0.10305292719131524	,0.1043061367269282	,0.10305292719194611	,0.10430613672749346
1420.253164556962, 0.8117764473870402	, 0.8099106107982171	, 0.8212931676036949	,0.8185687369814364	,0.10057817522882596	,0.10176224797248137	,0.10057817522898593	,0.10176224797269158
1433.5443037974683, 0.8146815525683294	, 0.8129120685089164	, 0.8247506918062759	,0.82218076714879	,0.09820666599904573	,0.09932641578799736	,0.0982066659987006	,0.09932641578776975
1446.8354430379745, 0.8174726481318496	, 0.8157923898250448	, 0.828048792100189	,0.8256203535012216	,0.095932171795674	,0.09699205352645011	,0.09593217179548835	,0.09699205352626611
1460.126582278481, 0.820156481127502	, 0.8185587760441851	, 0.831197944789884	,0.8288989238930985	,0.09374910938308313	,0.09475330585646519	,0.0937491093833772	,0.09475330585661154
1473.4177215189875, 0.8227395795428322	, 0.8212182723664398	, 0.8342088604107508	,0.8320283919285489	,0.09165229067277028	,0.09260473493100053	,0.0916522906727622	,0.09260473493101855
1486.7088607594937, 0.8252282523060849	, 0.8237777669771038	, 0.837091940194495	,0.8350205081455356	,0.0896368160780505	,0.09054119302001556	,0.0896368160783167	,0.09054119302036792
1500.0, 0.8276285044615274	, 0.8262439124128454	, 0.839856502543584	,0.8378859638441817	,0.08769801520426482	,0.08855773309918243	,0.08769801520393578	,0.08855773309895325
