Environnement : Air / n = 1 
Cube : Argent / n(lambda) / 70 nm
Gap diélectrique / n = 1.45 / 1-10 nm
Fonctionnalisation diélectrique / n = 1.45 / 1 nm
Couche métallique : Or / n(lambda) / 20 nm
Substrat : SiO2 / n = 1.5 / 200 nm

Wavelengths (nm) 	 R_gap1_mol	 R_gap1_nomol	 R_gap2_mol	 R_gap2_nomol	 R_gap3_mol	 R_gap3_nomol	 R_gap4_mol	 R_gap4_nomol	 R_gap5_mol	 R_gap5_nomol	 R_gap10_mol	 R_gap10_nomol
450.0, 0.2006000335515394	, 0.2008926510658017	, 0.19885259224607843	,0.20018880261069505	,0.1976537781174888	,0.19969459584841648	,0.1968535647843171	,0.19918841328333162	,0.1961912417229559	, 0.198576197744926	 0.19090273162630367	 0.19402998218148695
457.7889447236181, 0.19718465365713767	, 0.19711880912631072	, 0.19618265710366053	,0.1974710079302243	,0.19577779689065242	,0.19795749573546692	,0.19597250627644244	,0.19838052252583327	,0.19630746461925372	, 0.19864956948265092	 0.19527034672179908	 0.19856305202940905
465.5778894472362, 0.19320542176360803	, 0.1930015819803716	, 0.19317801536656698	,0.19444887096061952	,0.19371630887436647	,0.19593218772479426	,0.1949759066934165	,0.1973061821627099	,0.1963235240216379	, 0.19849572531998144	 0.20014631401699742	 0.2033236116917025
473.36683417085425, 0.1897009519941263	, 0.1894220989860308	, 0.1906909701282445	,0.19190148312338132	,0.19219090858268859	,0.19431372180664622	,0.1944152979935845	,0.19657546666375736	,0.1966797852196726	, 0.19862944934543394	 0.20511104019168075	 0.20805358675950972
481.15577889447235, 0.18678061034630192	, 0.1864948738827214	, 0.18876560877162638	,0.1898980380309527	,0.19117179926031388	,0.19313219249362945	,0.19420983578149226	,0.19617704275117762	,0.197249144310662	, 0.19899068833706027	 0.20964595596135513	 0.21233215271991943
488.94472361809045, 0.18454214743210812	, 0.18435813304838297	, 0.18746198646279688	,0.1885699730039142	,0.19068253910350613	,0.19251296427367928	,0.19439018163694663	,0.19622731128774007	,0.19805928509673748	, 0.19968153770362637	 0.21366557198573746	 0.21617351947056979
496.73366834170855, 0.18315722025275316	, 0.183237335858233	, 0.18695163716294894	,0.18816662515309632	,0.19090850445972912	,0.19272350709401947	,0.19516961656238607	,0.19700824227717637	,0.19934833907577906	, 0.20099431868117773	 0.21747387882483094	 0.21995032760570685
504.52261306532665, 0.18287777120813611	, 0.18342436134264095	, 0.18750683469216703	,0.18901196665525516	,0.19215026489560855	,0.19411056324530399	,0.19688172602963255	,0.19888607394775537	,0.20147792056931296	, 0.20331036497030464	 0.2215382657747602	 0.22416080650494236
512.3115577889447, 0.18399509755053803	, 0.18522812031545716	, 0.18945491737209416	,0.19143233590891726	,0.19474091312807099	,0.19701051895924013	,0.19988210085446473	,0.20220791396987436	,0.20481669734748184	, 0.20697899161482183	 0.2263047106020185	 0.22925287346653977
520.1005025125628, 0.18680617440690003	, 0.18892048956056384	, 0.19311174369792616	,0.19569191205848438	,0.19897665770616837	,0.20167856368074064	,0.20447304170338895	,0.2072337914758634	,0.2096545087319143	, 0.2122319589112895	 0.23215309356420302	 0.2355910698539004
527.8894472361809, 0.19158068285813035	, 0.19468090380046674	, 0.1987090375919105	,0.20194623718268476	,0.20506043035043947	,0.20824638086593378	,0.2108684963594684	,0.2141243620939744	,0.2161362244123794	, 0.2191212168220037	 0.23945014940419687	 0.24351726665089027
535.678391959799, 0.19848576691533817	, 0.20255734399254438	, 0.20634738055198087	,0.21022339232249376	,0.21306074270490427	,0.21670408374427239	,0.2192067814976227	,0.2229720776220069	,0.22416651027433024	, 0.22742867744692158	 0.24857128636719403	 0.2533693212158656
543.4673366834171, 0.20752393594998206	, 0.21246775659586686	, 0.21599016728669893	,0.22043247285818313	,0.22289477392085288	,0.2269146769712369	,0.22956033827310404	,0.23377514879179653	,0.23328109151920695	, 0.23658409134295866	 0.25980641636543766	 0.26537329517730446
551.2562814070352, 0.2185455908859249	, 0.22422814024175433	, 0.22748031264106758	,0.23238663458464198	,0.23438744929330596	,0.2387430510825865	,0.2417936457297725	,0.2462064025176737	,0.24272136503033445	, 0.24593182383730677	 0.273192605732443	 0.27945914820432416
559.0452261306533, 0.23129707157797344	, 0.23757721737836912	, 0.24059684816381374	,0.24587906224116848	,0.2474826306900714	,0.2522536893951397	,0.2552465665893695	,0.2592402194880534	,0.2521745355533779	, 0.25561462923222705	 0.288329106987919	 0.2950590255689832
566.8341708542714, 0.24546012451469543	, 0.2521908807647827	, 0.2551353392757489	,0.2607036058992004	,0.262252163103766	,0.26748409375632204	,0.2684481482343709	,0.2710651695889884	,0.262619221399945	, 0.26687472993339323	 0.3041803548797265	 0.31091392175492666
574.6231155778894, 0.2606524324838433	, 0.26766934517329016	, 0.27072521853457654	,0.27631975211050674	,0.27839484533262654	,0.2838764360472392	,0.27941533993097906	,0.28030148767174345	,0.27537693149017645	, 0.28061261127185716	 0.31898219382404613	 0.3250719665562074
582.4120603015076, 0.27643153798378695	, 0.28355657598365575	, 0.286477786390102	,0.29155598828175644	,0.2949025448575096	,0.3001061930589693	,0.28765698250884275	,0.2884726408649113	,0.2904540534761884	, 0.2963347688349026	 0.3306592855382943	 0.33555612045586924
590.2010050251256, 0.29235456983315145	, 0.29939608201671175	, 0.3010660825004124	,0.3051014949275548	,0.3102096339501995	,0.3142843123792397	,0.29603098052396365	,0.29896515129294354	,0.30658442640205574	, 0.3126230319264826	 0.3381210713196599	 0.34186650656828305
597.9899497487437, 0.3078477527590718	, 0.3145711211041088	, 0.3137045227489094	,0.31722630489566395	,0.32267274813668345	,0.32476961389843345	,0.3075289111982726	,0.3126902761729597	,0.32213180728867613	, 0.32793479560156696	 0.34261111232454017	 0.34597380255547533
605.7788944723618, 0.32224867797457113	, 0.3285406693154557	, 0.32560680703602174	,0.329878842101839	,0.3317399164045655	,0.33182990058195283	,0.3217722879476312	,0.327967115703747	,0.3359462842164701	, 0.34141219817570573	 0.347168567935813	 0.35107853103031905
613.5678391959799, 0.3355975921049273	, 0.3416434210311217	, 0.33837127067785655	,0.3434676880388587	,0.3388927656402732	,0.3381117978569833	,0.33678601106142597	,0.34312600191996984	,0.3481558143381448	, 0.35355007336408534	 0.35441536886351466	 0.3593766013517995
621.356783919598, 0.34873485510093727	, 0.35478283651508863	, 0.35181745350096727	,0.3573161026383797	,0.3465287033216782	,0.3464179643048724	,0.3515258521229715	,0.35780772896150914	,0.36006985520796736	, 0.36576176310017783	 0.3652839225567716	 0.37133317653923076
629.1457286432161, 0.3622219505944258	, 0.3683663987490709	, 0.3656850540308394	,0.37147744197334126	,0.35607229679701197	,0.3579712387196282	,0.3661853659994516	,0.37251834584286136	,0.37295122205822784	, 0.37910004287378185	 0.3794078376803092	 0.3863586519703432
636.9346733668342, 0.37616487161903	, 0.3823771009329616	, 0.38014860766085795	,0.3861967695693506	,0.36797871214443284	,0.3725657708104794	,0.3812090246453435	,0.3876548957113394	,0.38717771762007813	, 0.39372021916419103	 0.39595586972094365	 0.40358792264492305
644.7236180904523, 0.39037924845058447	, 0.39654015495788364	, 0.3951715597016847	,0.4013838247910032	,0.3823574905403548	,0.38893989788498795	,0.39667470396934235	,0.4031951944155796	,0.4024603772234277	, 0.4092540678702285	 0.41413088579135765	 0.4222626417410821
652.5125628140704, 0.4044882090586371	, 0.4104907671875212	, 0.4104833925773049	,0.4167527033210028	,0.3984487271806817	,0.4057201389474633	,0.41238311497255964	,0.41890971335731453	,0.4183330350360796	, 0.42525083008229164	 0.4333199138433997	 0.4418161524962743
660.3015075376884, 0.41830776713281626	, 0.42420583571079457	, 0.42578724883704155	,0.4320034716026984	,0.4150042832603289	,0.4221777429895377	,0.42808836015824503	,0.4345652179875621	,0.4344035296643878	, 0.44135917109264416	 0.45308257465519997	 0.4618384585288236
668.0904522613066, 0.43214858105278875	, 0.43805841871146933	, 0.4408352689456391	,0.4468537097381205	,0.4312584214780121	,0.4380799796299581	,0.4436004514163958	,0.449993392765829	,0.45040495047991536	, 0.4573481952165499	 0.47310089090265783	 0.4820197049736554
675.8793969849246, 0.4461479806480167	, 0.45200561302415115	, 0.4554034459878176	,0.46096557033104807	,0.4469455314165246	,0.45338328213231843	,0.45879788680414785	,0.4650905355842913	,0.4661753940420275	, 0.47308084370639153	 0.493131094554169	 0.5020994968766807
683.6683417085427, 0.45997920195846337	, 0.46568673448458614	, 0.46922192579663574	,0.4737698820812592	,0.4620100901880039	,0.46809797260005226	,0.47361256122783163	,0.47980000505702525	,0.48162436245949813	, 0.48848219684823907	 0.5129550275798842	 0.5218139027352816
691.4572864321608, 0.47338442023681354	, 0.47889780990724373	, 0.48183295542664234	,0.4842085623428708	,0.47646501250386536	,0.4822498223822237	,0.4880094869920415	,0.4940942499623192	,0.49670292018495443	, 0.5035132304931258	 0.5323308318997938	 0.5408383461844724
699.2462311557789, 0.48627074854158003	, 0.49156520954715793	, 0.4923739795405071	,0.490816806124807	,0.4903438651968766	,0.49586825961463143	,0.5019729542959885	,0.5079634034996391	,0.5113868588073667	, 0.5181562895748714	 0.5509491679525101	 0.558732382127794
707.035175879397, 0.49859471832640656	, 0.5036372526252468	, 0.4995652850954124	,0.4935891382330565	,0.5036820646704904	,0.5089813948038621	,0.5155016983244851	,0.5214098236659558	,0.5256702527311427	, 0.5324092709502416	 0.568390495147066	 0.5748834519447875
714.8241206030151, 0.5102885656584429	, 0.5150150589411222	, 0.5029794664858301	,0.49675748285897114	,0.5165117913976119	,0.5216159202930515	,0.5286064674474643	,0.5344445128464984	,0.5395605148409617	, 0.5462811223689479	 0.5840682138280159	 0.5884399185239383
722.6130653266332, 0.5212150920814571	, 0.5254759672849082	, 0.5056973986401371	,0.5046752342549308	,0.5288630872917032	,0.5337972948911407	,0.5413019995268586	,0.5470817059044492	,0.5530692343934349	, 0.5597841849973009	 0.5971592816786786	 0.5982507010241812
730.4020100502512, 0.5311112118726675	, 0.5346562110227754	, 0.5123157498100203	,0.5164526307986715	,0.5407633996177896	,0.5455491770987958	,0.5536014009271716	,0.5593355519552833	,0.5662073885184246	, 0.5729300720873084	 0.6065555964373976	 0.6028720062831882
738.1909547738694, 0.5396606713292597	, 0.5424055738698079	, 0.5231125643055334	,0.5294718331941808	,0.5522372151678018	,0.5568935852128287	,0.5655167829025414	,0.5712204828315547	,0.5789859993001284	, 0.5857301903722735	 0.6108694801786854	 0.6007152042400425
745.9798994974874, 0.5470843754390781	, 0.5496847148254093	, 0.5356563444160095	,0.5422983219114634	,0.5633069321684135	,0.5678514932314552	,0.577063053834573	,0.5827528151119643	,0.5914192600909703	, 0.598198023757906	 0.6085798685176228	 0.5904517539965041
753.7688442211056, 0.5547390594384121	, 0.5580393909378542	, 0.5482654551940925	,0.55447297832585	,0.5739947191704117	,0.5784437805059787	,0.5882614626253384	,0.593951371936583	,0.6035257222325084	, 0.6103495958022077	 0.5983873810283173	 0.5716742660796765
761.5577889447236, 0.563678073574632	, 0.5675801068080204	, 0.5603083505488643	,0.5659321251307287	,0.5843226493828759	,0.5886902106177756	,0.599132488073744	,0.6048339974716619	,0.6153212211090734	, 0.622197723312805	 0.5798151726589779	 0.5456081509800761
769.3467336683417, 0.5734275823528773	, 0.5774610791846229	, 0.5716519540557802	,0.5767316513245964	,0.5943101155421747	,0.5986081133391769	,0.6096906433930751	,0.615415302598962	,0.6268157989744334	, 0.6337491232857473	 0.5539008740481725	 0.5153651795202877
777.1356783919598, 0.5832098955240455	, 0.5871226175170905	, 0.582329378423226	,0.5869515778977138	,0.6039734854408086	,0.6082129450887575	,0.6199480099816602	,0.6257078212760004	,0.6380158367182435	, 0.6450055048092012	 0.5234775422892882	 0.4852411419167587
784.9246231155779, 0.5926603584541332	, 0.5963869772144723	, 0.5924164976249233	,0.5966646035322656	,0.6133272730039621	,0.6175191434514059	,0.6299140056220098	,0.6357229434020851	,0.6489234592937666	, 0.6559629772785694	 0.4926603207989923	 0.45933607183563013
792.713567839196, 0.6016935276769412	, 0.6052359547757874	, 0.6019892652668991	,0.6059290684417359	,0.622385354910563	,0.6265411914677926	,0.6395993618997898	,0.6454728520068609	,0.6595401369269673	, 0.6666139731691906	 0.4655887437771868	 0.44030436380222554
800.5025125628141, 0.6103216530809014	, 0.6136972546127303	, 0.6111092567078316	,0.6147917220222683	,0.6311630494433286	,0.6352945275685502	,0.649022966118815	,0.6549717767816446	,0.6698690104881769	, 0.6769474201599234	 0.4451146159039045	 0.42893049678161055
808.2914572864322, 0.6185791978057915	, 0.6218063506319107	, 0.6198249044802876	,0.6232909255327991	,0.6396769957314019	,0.6437939109781055	,0.6582028862117187	,0.6642320389986129	,0.6799045393242079	, 0.6869394114447372	 0.4322800020477073	 0.42456125753957374
816.0804020100502, 0.6265012672351925	, 0.6295938207153311	, 0.6281757555937323	,0.6314585162793505	,0.6479413013475223	,0.6520515443554087	,0.6671466043343168	,0.6732610229137681	,0.689626431120683	, 0.6965467590300628	 0.4266239935842665	 0.4258223613695452
823.8693467336684, 0.6341166862147879	, 0.6370822736285501	, 0.6361948013333298	,0.6393212105546612	,0.6559668974983939	,0.6600779426284955	,0.6758599209978575	,0.6820635008629649	,0.6990053557627123	, 0.7057082174941229	 0.42685336757562675	 0.4311988510617571
831.6582914572864, 0.6414455801766938	, 0.6442857440512236	, 0.6439096427210034	,0.6469017181714938	,0.663763725383533	,0.6678827406973384	,0.6843503715113984	,0.6906420267337299	,0.707999034049744	, 0.71433769721307	 0.4314746452880372	 0.43937344839590925
839.4472361809046, 0.648500145586587	, 0.651208379961303	, 0.651343404307971	,0.6542193372875222	,0.6713407801331331	,0.6754747312120051	,0.6926179308733728	,0.6989952176212765	,0.7165414199740587	, 0.7223119232214137	 0.4391523847247155	 0.449330203126179
847.2361809045226, 0.6552840490519851	, 0.6578453712042189	, 0.6585155344516682	,0.6612906813920049	,0.6787059971265978	,0.6828627714223473	,0.7006586205678083	,0.7071193778237878	,0.7245445966967168	, 0.7294659465707357	 0.4488135941265485	 0.46032343407811627
855.0251256281407, 0.661789946128935	, 0.664185712039187	, 0.6654426582892288	,0.6681307804145511	,0.6858685655061587	,0.6900572646967542	,0.7084791526897781	,0.715011131933518	,0.731901836151033	, 0.7355868642492255	 0.459652639848059	 0.47182653705651034
862.8140703517588, 0.6679988005681463	, 0.6702049900616002	, 0.6721398682258148	,0.6747536322857516	,0.6928407197541583	,0.6970692278856614	,0.7160925027928695	,0.7226634883214623	,0.7384676109281807	, 0.7403886505556131	 0.4710999207918854	 0.4834840279169077
870.6030150753769, 0.673878939070442	, 0.6758430602431583	, 0.6786217776649374	,0.6811717239935635	,0.6996342219667523	,0.7039069963711764	,0.7234940882962797	,0.7300577959345309	,0.7440289278909048	, 0.7434816956982413	 0.48276657189943967	 0.49506228736432095
878.391959798995, 0.6793737305638672	, 0.6809882535526999	, 0.6849017457211851	,0.68739584072743	,0.7062561716097581	,0.7105761137151154	,0.7306614996623599	,0.7371636584319052	,0.7483027108544617	, 0.7443645945114769	 0.49439120926546076	 0.5064100741329185
886.1809045226131, 0.6843747281829233	, 0.6854702840507848	, 0.690990724795941	,0.6934355747161124	,0.712711273688392	,0.7170816854225569	,0.7375763696205385	,0.7439427722971245	,0.750939527369363	, 0.7424249084100502	 0.5058057659261488	 0.5174355502106378
893.9698492462312, 0.6886991070946394	, 0.6890338455259168	, 0.6968979778162192	,0.6992996865674891	,0.7190053412692768	,0.7234287675318394	,0.7442276740259265	,0.7503454140685145	,0.7514973153684853	, 0.7369301772827878	 0.5169138516186916	 0.5280925474393809
901.7587939698492, 0.6920760543220555	, 0.6912984428722944	, 0.702632103109736	,0.7049961873119298	,0.7251444426745854	,0.7296207687328599	,0.7505861205118906	,0.7563001273864228	,0.7494009923218017	, 0.7270430673545434	 0.5276668127738469	 0.5383642608088084
909.5477386934674, 0.6941361542851284	, 0.6918207111189476	, 0.7082009193838609	,0.7105324466827776	,0.7311319079065889	,0.7356591094431533	,0.7565908568606643	,0.7617083585978768	,0.7439520791911054	, 0.7119338488476187	 0.5380394673398763	 0.5482463953304055
917.3366834170854, 0.6944583173466322	, 0.6904282835140801	, 0.7136110851319468	,0.7159155710958233	,0.7369688739827497	,0.7415450838423391	,0.7621707657928625	,0.766445622512229	,0.7343955772816788	, 0.6910024883906611	 0.5480193992192605	 0.5577406961793892
925.1256281407036, 0.6928622243775794	, 0.6877914967466572	, 0.7188687800017807	,0.721153047561206	,0.7426580598253332	,0.7472817860771156	,0.7672662390742018	,0.7703586733560462	,0.7200066695859912	, 0.6641676535712495	 0.557605274594273	 0.5668548808389671
932.9145728643216, 0.6900361180621145	, 0.6856432828482024	, 0.7239812819873402	,0.726252759310575	,0.7482063678659866	,0.7528727957902819	,0.771814272468286	,0.7732490720381924	,0.700199976490654	, 0.6321715698169721	 0.5668047235587221	 0.5756016883175724
940.7035175879397, 0.6878391883229988	, 0.6859131184616226	, 0.7289576878655925	,0.7312216941181472	,0.7536214701253404	,0.7583171872400619	,0.7756963818402902	,0.7748481014828928	,0.6747456758651634	, 0.5968251324067887	 0.575630177817835	 0.5839961892796558
948.4924623115578, 0.6882332978653074	, 0.6893058287491292	, 0.7338066165836715	,0.7360651798488504	,0.7589045776134683	,0.763607696524511	,0.7787180727163708	,0.7748057548008379	,0.6441335802802657	, 0.5609892132373667	 0.5840955138347003	 0.5920536534530596
956.2814070351759, 0.6917563177940947	, 0.6950137911800484	, 0.7385335285014701	,0.7407876774929181	,0.7640500558263995	,0.7687338479009727	,0.7806435651226775	,0.7726950073968359	,0.6098788209962196	, 0.528049287457844	 0.5922152934203949	 0.5997892450731697
964.070351758794, 0.6975239886141252	, 0.7017622436749893	, 0.7431417102514598	,0.7453936567841849	,0.7690511780155488	,0.7736846193024202	,0.7812284575075846	,0.7680158936722197	,0.5744887769315223	, 0.5010080896548066	 0.6000056757238026	 0.6072189294202547
971.8592964824121, 0.7043001104526403	, 0.7086579223215981	, 0.7476347659436577	,0.7498877023198396	,0.7739040961792304	,0.7784475349952349	,0.7802049035528185	,0.7601937490502044	,0.5410038410214218	, 0.4817059248191283	 0.6074855771467582	 0.6143605555548394
979.6482412060302, 0.7112091795168902	, 0.7152891059576081	, 0.7520176484978681	,0.7542739710763774	,0.7786064053813541	,0.7830038122961973	,0.777205952350236	,0.7485880834469094	,0.5123291044008295	, 0.4705931514039329	 0.6146754027518812	 0.621232874320193
987.4371859296483, 0.7178255510991187	, 0.721521541670385	, 0.7562955586762704	,0.7585557279103721	,0.7831502835386869	,0.7873241791805148	,0.7717142200588205	,0.7325667645420282	,0.4906238401011298	, 0.46699415305930553	 0.6215933533101179	 0.6278525183793189
995.2261306532663, 0.7240128295494811	, 0.7273340712512019	, 0.7604720239169339	,0.7627355763490428	,0.7875179951612938	,0.7913695964512719	,0.7631279848828405	,0.7116760133025006	,0.47686941977919367	, 0.46955418532459103	 0.6282540321325107	 0.6342329233550839
1003.0150753768844, 0.7297670455357068	, 0.7327493848132506	, 0.7645487829156415	,0.7668161383477117	,0.7916850320079987	,0.795093874992628	,0.7508870904106263	,0.6858734241439808	,0.4708053189387412	, 0.4766837987324558	 0.6346700042368596	 0.6403856956231292
1010.8040201005025, 0.7351257873553675	, 0.7378081804684192	, 0.7685274195680527	,0.7708009171508304	,0.7956254248205845	,0.7984450421417956	,0.734581579108729	,0.6557650232700178	,0.47127725268660936	, 0.4868938376528387	 0.6408533145566693	 0.6463218978699881
1018.5929648241206, 0.7401337555546668	, 0.7425559463222227	, 0.7724111859445463	,0.7746947524805854	,0.7993150141709419	,0.8013626159075228	,0.7140041372949423	,0.622754696988294	,0.47675571475932277	, 0.4989723538094181	 0.646815976175549	 0.6520524506711384
1026.3819095477388, 0.7448344774717548	, 0.7470353904755667	, 0.7762061026997819	,0.7785026002423294	,0.8027293212068808	,0.8037671314491882	,0.6891674327589289	,0.5890158021334073	,0.4857576714250028	, 0.5120258688237616	 0.6525696972332964	 0.6575879253644116
1034.1708542713568, 0.7492679104496438	, 0.7512825677707367	, 0.779919484541011	,0.7822274308765034	,0.8058317854826306	,0.8055482266967414	,0.660469745327865	,0.5572294087117076	,0.4970452765435806	, 0.5254349738983042	 0.6581253264953169	 0.6629381383118556
1041.9597989949748, 0.7534690757590514	, 0.7553263464631191	, 0.7835560032933216	,0.7858699982872754	,0.8085613363353408	,0.8065618183172015	,0.6290328221489554	,0.5300566299246492	,0.5096536121077205	, 0.5387837663826772	 0.6634926527460667	 0.6681120138364733
1049.748743718593, 0.7574674160193338	, 0.7591899929724778	, 0.787116090727397	,0.7894302781501306	,0.8108329190414759	,0.8066324753631372	,0.5968415364629222	,0.5094895576880503	,0.522863848983653	, 0.551802581371624	 0.668680609997856	 0.67311774047124
1057.5376884422112, 0.7612869522560033	, 0.762892796723804	, 0.7905982425216842	,0.7929086364157047	,0.8125450476642325	,0.8055534603550214	,0.5664222489011448	,0.4964132867074285	,0.5361686508436798	, 0.5643276302839061	 0.6736976252940212	 0.6779630471577262
1065.3266331658292, 0.7649472141607194	, 0.7664510796761947	, 0.794001657783748	,0.7963063069453324	,0.8135840083216547	,0.8030832542294049	,0.540177904790213	,0.49058953958800366	,0.5492349116366463	, 0.5762719369378485	 0.6785521215257928	 0.6826556326855838
1073.1155778894472, 0.7684643485188987	, 0.7698788367467193	, 0.7973275569945697	,0.7996251364167932	,0.8138232360757274	,0.7989358708295904	,0.5197631448361518	,0.49099448704461257	,0.5618682617629651	, 0.5876044033021287	 0.6832529779981719	 0.6872035674943173
1080.9045226130652, 0.7718519309468974	, 0.7731880647795825	, 0.8005793079628485	,0.8028662575141925	,0.8131137981383849	,0.7927657349843955	,0.5059014904736817	,0.4962706269085814	,0.5739750523049961	, 0.5983310003652251	 0.6878091971868728	 0.6916150091454637
1088.6934673366834, 0.7751215081898599	, 0.7763888249643857	, 0.8037606740855753	,0.8060286481969589	,0.811261852485114	,0.7841663103696699	,0.4985936931694598	,0.5050645168320735	,0.5855185470907277	, 0.6084750962206461	 0.6922287657973475	 0.6958972207083586
1096.4824120603016, 0.7782829799649558	, 0.779489405289371	, 0.8068728278504327	,0.8091091745889665	,0.8080089292337287	,0.7727018130138047	,0.49730325053526586	,0.5161891251503525	,0.5964857336434174	, 0.6180640474384153	 0.6965180915014952	 0.7000560874967608
1104.2713567839196, 0.781344833470305	, 0.7824967432595388	, 0.809913328061337	,0.8121036659187777	,0.8030361419049152	,0.7579679874021514	,0.5010561032202225	,0.5286820333318824	,0.606875718413681	, 0.6271258403831876	 0.7006825093880363	 0.7040965575258882
1112.0603015075376, 0.7843142957637327	, 0.7854168453199459	, 0.812877818878763	,0.8150077980891616	,0.7959852721704526	,0.7396764059202915	,0.5086311447499476	,0.54181505127535	,0.6166987323218399	, 0.6356898576893362	 0.7047269532874315	 0.7080232217263218
1119.8492462311558, 0.7871975280174139	, 0.7882550477045819	, 0.815762000304979	,0.8178177696305599	,0.7864831581987115	,0.7177639628767203	,0.5188042217699906	,0.5550723735512587	,0.6259752473721344	, 0.6437871096868715	 0.7086562600831203	 0.7118405735496378
1127.638190954774, 0.7899998630906785	, 0.7910161851413642	, 0.8185628661550421	,0.8205309081554543	,0.7741727423405387	,0.69251421714799	,0.5305288312650749	,0.5681124528079049	,0.6347341016060989	, 0.6514497472736633	 0.7124752182494557	 0.7155530449157017
1135.427135678392, 0.7927260158470075	, 0.7937047202144477	, 0.8212797529194287	,0.8231451575243784	,0.7587541663899781	,0.6646579829798557	,0.5430243836829742	,0.5807272799673415	,0.6430102911375142	, 0.6587103035770517	 0.7161885166856948	 0.7191649589870655
1143.21608040201, 0.7953802648790672	, 0.7963247793944447	, 0.8239145949952074	,0.8256563191588481	,0.7400292050628373	,0.6354240905726543	,0.5557807366958133	,0.5928037027377467	,0.6508412329121851	, 0.6656002697498414	 0.7198006290968278	 0.7226804385061956
1151.0050251256282, 0.7979666227572214	, 0.7988800660726246	, 0.8264694116649537	,0.8280548922776396	,0.7179582962471106	,0.6065060871694019	,0.568488026435284	,0.6042885198495908	,0.6582618694234533	, 0.6721482982316951	 0.7233156988232143	 0.7261033217332746
1158.7939698492462, 0.8004889210644193	, 0.8013737893996369	, 0.8289415759456985	,0.8303257498616083	,0.6927718405853307	,0.5798748018174397	,0.5809424738697923	,0.6151629914023341	,0.6653020612234823	, 0.6783794552121329	 0.7267375246965254	 0.729437155970241
1166.5829145728644, 0.8029507001054071	, 0.8038087327341311	, 0.8313215458298966	,0.8324500696848101	,0.6651334573632256	,0.5574161574570405	,0.5929925517907936	,0.6254290856731387	,0.6719873853456287	, 0.6843158148386778	 0.7300696270938203	 0.7326852470712453
1174.3718592964824, 0.8053550035996088	, 0.8061873900163784	, 0.8335949906793352	,0.8344067973180608	,0.6362497890856814	,0.5405218456870434	,0.6045280383767226	,0.6351026171861679	,0.6783408857946118	, 0.6899773281901627	 0.7333153110725402	 0.7358507051805051
1182.1608040201004, 0.8077043449713663	, 0.8085120690719557	, 0.8357458549858102	,0.836172983794613	,0.6078133269312748	,0.5298221630119053	,0.6154795855937749	,0.6442086984016211	,0.6843841527491248	, 0.6953823869383469	 0.736477720450636	 0.7389364885621423
1189.9497487437186, 0.810000875787748	, 0.8107849585102953	, 0.8377578268830418	,0.8377237882872512	,0.5817493377447207	,0.5251631922022134	,0.6258147926627394	,0.6527784711316258	,0.6901380079563919	, 0.7005482702690805	 0.7395599277684829	 0.7419454830816598
1197.7386934673368, 0.8122465701258861	, 0.8130081867274497	, 0.8396148015158632	,0.8390322217986758	,0.5598299753480147	,0.5257967138067016	,0.6355338204217512	,0.6608472914201065	,0.6956233284526497	, 0.7054916946956126	 0.7425650748332666	 0.7448806272287533
1205.5276381909548, 0.8144433366422726	, 0.8151838535886544	, 0.8413012689171573	,0.84006726597866	,0.5432970208016923	,0.5306685297989235	,0.6446666590586855	,0.6684536477296901	,0.7008616416811561	, 0.7102292155526563	 0.7454964731713304	 0.7477450019774387
1213.3165829145728, 0.8165930910929304	, 0.8173139718682522	, 0.8428019022660265	,0.840789236723303	,0.5326592708260606	,0.5386815023539923	,0.6532661423386333	,0.6756370193887692	,0.705874326084989	, 0.7147768365336423	 0.7483574843188016	 0.7505417270554933
1221.105527638191, 0.8186978036404425	, 0.8194003218891054	, 0.8440983403661613	,0.8411445763765075	,0.5277440612400448	,0.5488550304916048	,0.6613911447222587	,0.6824342186020499	,0.7106803641005349	, 0.7191488308376855	 0.7511511806200197	 0.7532736636852225
1228.8944723618092, 0.8207594586218452	, 0.821444354553813	, 0.8451632181870671	,0.8410639604980462	,0.5279169692249059	,0.5603799091517558	,0.6690886245481912	,0.6888767013813223	,0.7152947658847649	, 0.723356953825919	 0.7538801100227817	 0.7559432077814376
1236.6834170854272, 0.822779878401303	, 0.8234472386725978	, 0.8459557966954587	,0.8404635522715289	,0.5323034316792932	,0.5726193363074543	,0.6763884564585518	,0.6949907732092447	,0.7197291126358268	, 0.727410812772467	 0.7565463774222752	 0.7585523610198751
1244.4723618090452, 0.8247605289222937	, 0.825409974987747	, 0.8464225154399342	,0.8392460419880051	,0.5399401967336241	,0.5850947368431303	,0.6833099929752314	,0.7007993834627988	,0.7239931271466029	, 0.7313187700354449	 0.7591518748513548	 0.7611029331008936
1252.2613065326632, 0.8267024969031403	, 0.8273334789675166	, 0.8464998746792102	,0.8373001277505988	,0.5498854132509993	,0.5974653919860291	,0.6898697530814631	,0.706323559868997	,0.7280958076255236	, 0.7350885843519699	 0.7616984421899917	 0.7635966832301455
1260.0502512562814, 0.8286066311708655	, 0.82921864121644	, 0.8461158224015152	,0.8344995880793251	,0.5613041438069868	,0.6095031381001647	,0.6960851098788033	,0.7115830071245148	,0.7320458508062633	, 0.7387276521042403	 0.7641879170812261	 0.7660353639553157
1267.8391959798996, 0.8304736924436475	, 0.831066429373589	, 0.8451892381153678	,0.8307032288090955	,0.5735168709443624	,0.6210661824432253	,0.7019751101727564	,0.716596272122831	,0.7358517325940614	, 0.7422430534530616	 0.7666221272179324	 0.768420713717937
1275.6281407035176, 0.8323044450243804	, 0.8328780667035505	, 0.8436290575841736	,0.8257556401318444	,0.5860089312390766	,0.6320762255184771	,0.7075606836391978	,0.7213808611523972	,0.7395217606448056	, 0.7456415757927277	 0.7690028727952258	 0.7707544402334761
1283.4170854271356, 0.8340997406168363	, 0.8346552254771322	, 0.841333977088427	,0.8194870378304908	,0.5984148973544129	,0.6425005604854783	,0.7128651355702813	,0.7259533912156185	,0.7430641531384147	, 0.7489297503418008	 0.7713319151695293	 0.7730382095866788
1291.2060301507538, 0.8358606561732379	, 0.8364000270622377	, 0.8381918494096717	,0.811710797472997	,0.6104936462559681	,0.6523381441479795	,0.7179141067960434	,0.7303295900854341	,0.7464869758223673	, 0.7521138287972359	 0.773610964559815	 0.7752736362201366
1298.994974874372, 0.8375886682973801	, 0.8381146346209274	, 0.8340759998605121	,0.8022229248382046	,0.6221027075698202	,0.6616076041394087	,0.7227335103812875	,0.7345239666735648	,0.7497977868622827	, 0.75519963641825	 0.775841657458132	 0.7774622663472911
1306.78391959799, 0.8392857058456938	, 0.8398005993791516	, 0.8288366928244248	,0.7908143997976187	,0.6331727625539175	,0.6703369289127662	,0.7273457995454388	,0.7385493694845611	,0.7530031922781908	, 0.7581923964831847	 0.7780255343694995	 0.7796055621089216
1314.572864321608, 0.8409538606476573	, 0.841458514793556	, 0.822292451869448	,0.7773035295084196	,0.6436812824151664	,0.6785566668619418	,0.7317674818389719	,0.7424168882260873	,0.7561087163234225	, 0.7610966990658905	 0.7801640363917112	 0.7817048995451122
1322.3618090452262, 0.8425947952700584	, 0.8430882451746431	, 0.8142315136341429	,0.7615841419284184	,0.653629236538138	,0.6862972469826772	,0.7360097702788285	,0.7461361824577324	,0.7591190536932673	, 0.7639166315330805	 0.7822585200485541	 0.7837615796491728
1330.1507537688442, 0.8442093004755576	, 0.8446893968355919	, 0.8044283671156035	,0.743681370808035	,0.6630270520294823	,0.6935886371006684	,0.7400809894467557	,0.7497159254389487	,0.7620384212947756	, 0.7666559451458146	 0.7843102767019134	 0.7857768430224072
1337.9396984924624, 0.8457973742030295	, 0.846261641565705	, 0.7926708557068765	,0.7238085805927681	,0.6718899915910305	,0.7004603802643069	,0.7439885490947156	,0.75316410090921	,0.7648707785014396	, 0.7693181591040302	 0.7863205445042337	 0.7877518791586308
1345.7286432160804, 0.8473586465650051	, 0.8478048203132158	, 0.7787932794553379	,0.7024159972188437	,0.680237714660802	,0.7069413240313144	,0.7477397909386155	,0.7564881313961058	,0.767619901917365	, 0.7719065996508173	 0.7882905129330868	 0.7896878303198069
1353.5175879396984, 0.8488927503136676	, 0.8493189489101206	, 0.7627164534334622	,0.680213246800108	,0.6880939113731875	,0.7130592268459757	,0.7513421438085285	,0.7596949406292662	,0.7702894083505543	, 0.7744244204785521	 0.7902213284508403	 0.791585796917579
1361.3065326633166, 0.8503994767895532	, 0.8508042556658694	, 0.744496227751197	,0.6581425764092791	,0.6954851411619608	,0.7188405348164023	,0.7548031522509965	,0.7627910325314647	,0.7728827999536374	, 0.7768746383438908	 0.7921141067404878	 0.7934468487130126
1369.0954773869348, 0.8518787947220715	, 0.8522612965034465	, 0.7243758343262022	,0.6372869703987025	,0.70243950785544	,0.7243104734032159	,0.7581307236190254	,0.7657826305595551	,0.7754035715557628	, 0.7792602045327296	 0.7939699579668349	 0.7952720475217714
1376.8844221105528, 0.8533308519469044	, 0.853691091171341	, 0.7028280808255076	,0.6187223443675429	,0.7089858170735982	,0.7294933916405636	,0.7613336299685698	,0.7686758590660728	,0.7778553606080083	, 0.7815841013104802	 0.795790022831025	 0.7970624796197596
1384.6733668341708, 0.8547560246585829	, 0.8550951372141586	, 0.6805658968270756	,0.603355735170931	,0.7151534491215652	,0.7344129728190811	,0.7644218592459852	,0.7714768291863356	,0.7802420054978302	, 0.7838493816656009	 0.7975754887654495	 0.7988192705564349
1392.462311557789, 0.8561550022336876	, 0.8564751229141043	, 0.6585020147205166	,0.5918046729714758	,0.7209726561656901	,0.7390918310932201	,0.7674061625231781	,0.7741914749190607	,0.7825673629074242	, 0.786059063687537	 0.7993275519856687	 0.800543551810927
1400.2512562814072, 0.8575288122903811	, 0.8578323344556279	, 0.6376570397963438	,0.5843473562537692	,0.7264744371382122	,0.7435505228894336	,0.7702966142253338	,0.7768251879755529	,0.7848349314249043	, 0.7882159123978103	 0.8010473367576221	 0.8022363893838426
1408.0402010050252, 0.8588786478316124	, 0.859167116397669	, 0.6190403101184402	,0.580933610035444	,0.7316891239341023	,0.7478066910549164	,0.7731010200957531	,0.7793825251147198	,0.7870475478022558	, 0.7903222673714492	 0.8027358287302416	 0.8038987246626755
1415.8291457286432, 0.8602054657758109	, 0.8604788086901535	, 0.6035335333684849	,0.5812351565460478	,0.7366439360991586	,0.7518750116412763	,0.7758243528429579	,0.7818672059122367	,0.7892073695498779	, 0.7923800369497749	 0.8043938664102988	 0.8055313665705489
1423.6180904522612, 0.8615095739390591	, 0.8617661364840528	, 0.5917890631030295	,0.5847239636084518	,0.7413611171638328	,0.7557678624469457	,0.7784694504483959	,0.7842823510299368	,0.7913160956390284	, 0.7943908292266822	 0.8060221833786556	 0.8071350287280435
1431.4070351758794, 0.8627905186047115	, 0.863027658652154	, 0.5841489828820811	,0.5907667818981289	,0.7458579551918428	,0.7594961568640566	,0.7810381982384539	,0.7866307655478735	,0.7933752327799667	, 0.7963561106270695	 0.8076214649411326	 0.8087103797837607
1439.1959798994976, 0.8640473296479247	, 0.8642620029349962	, 0.5806085756759485	,0.5987152249719164	,0.7501482854749378	,0.7630699279451107	,0.7835324052931675	,0.78891512668507	,0.795386268064504	, 0.7982773110811584	 0.8091923882433116	 0.8102580793245565
1446.9849246231156, 0.8652788819047168	, 0.8654679128816025	, 0.5808475141513596	,0.6079727820513776	,0.754244164501942	,0.7664985828432397	,0.7859541472995792	,0.7911380474158496	,0.7973507202046962	, 0.8001558559173388	 0.8107356343202777	 0.8117787887321413
1454.7738693467336, 0.8664841322003244	, 0.8666442363157846	, 0.5843205496307463	,0.6180323298800059	,0.7581569000967638	,0.7697909552633428	,0.7883057598240925	,0.7933020663068507	,0.7992701199438907	, 0.801993153557748	 0.812251881776881	 0.8132731655200799
1462.5628140703518, 0.867662180648184	, 0.867789929253937	, 0.590371648242707	,0.6284885550892331	,0.7618974054550632	,0.7729553159915443	,0.7905897440613244	,0.7954096314948329	,0.8011459869505867	, 0.8037905819754492	 0.8137418005041621	 0.8147418577516056
1470.35175879397, 0.8688122332585317	, 0.8689041169141584	, 0.5983350956660872	,0.6390339687135753	,0.7654761880683073	,0.775999421746311	,0.7928087276393024	,0.7974631086697869	,0.8029798319873995	, 0.8055494917157917	 0.8152060528097753	 0.8161855051487401
1478.140703517588, 0.8699335573267356	, 0.8699862657212009	, 0.6076045674962309	,0.649446611239217	,0.7689032693313812	,0.7789305911508593	,0.7949654917687554	,0.799464797365155	,0.804773168201313	, 0.8072712121794753	 0.816645294376247	 0.8176047398825463
1485.929648241206, 0.871025488166533	, 0.8710364618063985	, 0.6176687700615326	,0.6595750611290553	,0.7721881953442981	,0.7817557662251694	,0.7970630240596424	,0.80141693251644	,0.8065275085829424	, 0.8089570453290194	 0.8180601675072292	 0.8190001802091489
1493.7185929648242, 0.8720875105733792	, 0.8720556357386317	, 0.6281217653768207	,0.6693237738253012	,0.7753401598228038	,0.7844815425550103	,0.7991045558609701	,0.8033216724818426	,0.8082443502108833	, 0.810608251280052	 0.8194512911949976	 0.8203724213057733
1501.5075376884422, 0.8731193995027353	, 0.8730454416548309	, 0.6386580091470884	,0.6786398352417707	,0.7783681613222795	,0.7871141637523349	,0.8010935284337565	,0.8051810854440552	,0.8099251556188135	, 0.8122260389706504	 0.8208192579178194	 0.8217220326240251
1509.2964824120604, 0.8741213476107127	, 0.8740075788505931	, 0.6490599371961446	,0.6875010625964498	,0.7812810747007531	,0.7896594595919364	,0.8030334099609657	,0.8069971303205182	,0.8115713261175882	, 0.8138115613185504	 0.8221646384690368	 0.8230495630369961
1517.0854271356784, 0.8750939450680904	, 0.874942736292795	, 0.6591827285282224	,0.6959053732540451	,0.7840875306922612	,0.7921227345770823	,0.8049273591560263	,0.8087716249001536	,0.8131841606068658	, 0.8153659052650823	 0.8234879867372834	 0.8243555460937068
1524.8743718592966, 0.8760378759623632	, 0.875849758091244	, 0.6689383388934775	,0.7038621433379301	,0.7867955832847682	,0.7945086783640671	,0.8067778951581377	,0.810506214746617	,0.8147648164999495	, 0.8168900771950482	 0.8247898380584285	 0.8256404990179463
1532.6633165829146, 0.8769533443389814	, 0.8767255459640051	, 0.6782797430663076	,0.7113864399770509	,0.7894122996045373	,0.7968213722772594	,0.8085867841812148	,0.8122023669694203	,0.8163142996141427	, 0.8183849956334621	 0.826070703537997	 0.8269049173885659
1540.4522613065326, 0.8778394952206421	, 0.8775656312247401	, 0.6871866083272004	,0.7184960625953923	,0.7919435165247409	,0.7990643964369099	,0.8103551954928678	,0.8138613982181421	,0.8178334921819531	, 0.8198515010427935	 0.8273310678515419	 0.82814927259548
1548.2412060301508, 0.8786941828418728	, 0.878364904549916	, 0.6956541630216755	,0.7252103888926845	,0.7943939168955156	,0.8012409819449278	,0.8120839916618534	,0.8154845248220877	,0.8193232043084266	, 0.8212903808912877	 0.8285713946467556	 0.8293740162490095
1556.0301507537688, 0.8795141868862139	, 0.8791180911673895	, 0.7036862823206084	,0.7315499386946657	,0.7967673467059951	,0.8033541459017954	,0.8137739831721017	,0.8170729121751267	,0.8207842236837529	, 0.8227023975390576	 0.8297921360710028	 0.830579588580697
1563.819095477387, 0.880295640835878	, 0.8798199126968148	, 0.7112921326342833	,0.7375360331947747	,0.7990671715413563	,0.805406770511802	,0.8154260637147642	,0.8186277022489472	,0.8222173419078644	, 0.8240883038251217	 0.830993738668505	 0.8317664237282663
1571.608040201005, 0.8810343684067169	, 0.8804650636793804	, 0.7184847562462827	,0.7431903289288576	,0.8012965364887902	,0.8074016149483583	,0.8170412277380231	,0.8201500098845189	,0.8236233485892663	, 0.8254488385161963	 0.8321766406418273	 0.8329349472511234
1579.3969849246232, 0.8817260083232054	, 0.8810481230469177	, 0.7252802716307533	,0.7485342336303215	,0.8034585037040891	,0.8093412815177904	,0.8186205149557736	,0.8216408982606688	,0.8250030042451285	, 0.8267847082900711	 0.8333412630152719	 0.8340855681346605
1587.1859296482412, 0.8823659886542372	, 0.8815634794694918	, 0.7316971268001902	,0.753588373812261	,0.8055560907812621	,0.8112281844544796	,0.8201649445625021	,0.8231013591951744	,0.8263570182519134	, 0.8280965738848192	 0.834488002964625	 0.8352186727843696
1594.9748743718594, 0.8829494578335273	, 0.882005309728904	, 0.7377553389637221	,0.7583722927462805	,0.8075922391043924	,0.8130645595383732	,0.8216754907373731	,0.8245323180185657	,0.8276860520340905	, 0.8293850539341879	 0.8356172358847216	 0.8363346269813531
1602.7638190954774, 0.8834712395764863	, 0.8823676181559035	, 0.7434757787064115	,0.7629044039106142	,0.809569748562653	,0.8148525148602476	,0.8231531118189384	,0.8259346619766982	,0.8289907465274873	, 0.8306507454926795	 0.8367293258115664	 0.8374337854383122
1610.5527638190956, 0.883925831002994	, 0.8826443650471912	, 0.7488795289541463	,0.7672021165924772	,0.8114912280729135	,0.8165940991036719	,0.8245988139691341	,0.8273092772705428	,0.8302717589022247	, 0.8318942502020529	 0.8378246385169889	 0.838516503748208
1618.3417085427136, 0.8843074351191825	, 0.882829705301267	, 0.7539873381029244	,0.7712820465146651	,0.8133591027357367	,0.8182913621731717	,0.8260137242138363	,0.8286570788721864	,0.8315297925471219	, 0.8331161943039017	 0.8389035510441046	 0.8395831470206201
1626.1306532663316, 0.8846100109341851	, 0.8829182195440404	, 0.7588192265861666	,0.7751602099187344	,0.8151756825949058	,0.8199463857527831	,0.8273991477657615	,0.8299790211148359	,0.8327656079431829	, 0.8343172343322834	 0.839966453848428	 0.8406340917493024
1633.9195979899498, 0.8848273282709797	, 0.8829048458883036	, 0.7633943255174628	,0.7788520776509201	,0.8169432655342276	,0.821561267701328	,0.8287565798205314	,0.831276083193615	,0.8339800077919415	, 0.8354980455778989	 0.8410137449208399	 0.8416697204394441
1641.7085427135678, 0.8849530045981552	, 0.8827842130527825	, 0.7677309522329695	,0.782372419141978	,0.8186642331039037	,0.8231380607098587	,0.8300876453214275	,0.8325492327979599	,0.8351737987517884	, 0.8366592966403926	 0.8420458181277588	 0.8426904111090142
1649.497487437186, 0.8849804521207522	, 0.8825493172856977	, 0.7718468074451692	,0.7857349754591545	,0.8203410938844375	,0.8246786852889607	,0.8313939626738109	,0.83379937978701	,0.8363477413659947	, 0.8378016185518635	 0.8430630498134507	 0.8436965253489717
1657.286432160804, 0.8849026081084792	, 0.8821899019405028	, 0.7757591046427849	,0.7889520981555129	,0.8219764379883873	,0.8261848508109554	,0.8326769676416583	,0.8350273370353435	,0.8375025061431605	, 0.8389255796815831	 0.8440657884043605	 0.8446883991662036
1665.0753768844222, 0.8847113526937511	, 0.8816912317873257	, 0.7794844513128885	,0.7920345342629167	,0.8235727997367056	,0.8276580197503487	,0.8339377711847414	,0.8362338047959239	,0.8386386540273585	, 0.8400316765580278	 0.8450543509877481	 0.8456663400818558
1672.8643216080402, 0.8843966743043647	, 0.8810338328841146	, 0.7830384233478278	,0.7949914773599424	,0.8251324741944127	,0.8290994303580405	,0.8351771202450131	,0.8374193840151232	,0.8397566483549734	, 0.8411203433395256	 0.8460290275962029	 0.8466306310519701
1680.6532663316584, 0.8839458347031115	, 0.8801941569288099	, 0.7864349934547207	,0.7978308447008546	,0.826657368040713	,0.8305101580614983	,0.836395469906136	,0.8385846069418053	,0.8408568866409766	, 0.8421919717354708	 0.8469900894595215	 0.8475815378280049
1688.4422110552764, 0.8833428548182527	, 0.8791455691257072	, 0.7896861265943093	,0.8005596131623579	,0.8281489550661452	,0.8318911761799355	,0.8375931084627051	,0.8397299650769223	,0.8419397306608359	, 0.8432469283433907	 0.8479377957140171	 0.8485193148557085
1696.2311557788944, 0.8825684871090025	, 0.8778590704158851	, 0.7928017718114503	,0.8031840715487756	,0.829608347327531	,0.8332433909310064	,0.8387702645969595	,0.8408559231020735	,0.8430055218698861	, 0.8442855624276244	 0.8488723958214007	 0.8494442073109458
1704.0201005025126, 0.8816005481449374	, 0.8763035936817704	, 0.7957902295391278	,0.8057099690872628	,0.831036427614405	,0.8345676550557074	,0.8399271665164469	,0.8419629224909492	,0.8440545854374121	, 0.8453082071236551	 0.849794129278591	 0.8503564507443325
1711.8090452261306, 0.8804143046968387	, 0.8744460208553597	, 0.7986586828156917	,0.808142615192167	,0.8324339708065095	,0.8358647774237177	,0.8410640651780639	,0.8430513846455491	,0.8450872332288075	, 0.8463151809700906	 0.8507032259275438	 0.851256271336825
1719.5979899497488, 0.878982678280651	, 0.8722510605208346	, 0.8014136637209545	,0.8104869663312938	,0.8338017160949363	,0.8371355371948337	,0.8421812435877268	,0.8441217183227476	,0.8461037709806901	, 0.8473067931296143	 0.8515999085788103	 0.8521438883165234
1727.3869346733668, 0.8772762274911722	, 0.8696810706187407	, 0.8040613295165254	,0.8127476939485301	,0.8351403966105576	,0.8383806992467673	,0.8432790221119526	,0.8451743293637748	,0.8471045077738606	, 0.8482833508766827	 0.8524843973019836	 0.8530195179387923
1735.175879396985, 0.8752629859580384	, 0.8666960142927845	, 0.8066075511036399	,0.8149292256981068	,0.8364507502934524	,0.8396010259527218	,0.84435776055279	,0.8462096291029053	,0.8480897641737184	, 0.8492451664372693	 0.8533569136723144	 0.8538833774403332
1742.964824120603, 0.872908256450884	, 0.863253832201435	, 0.8090579003829362	,0.8170357723325559	,0.8377335266813826	,0.8407972842358943	,0.8454178580102618	,0.8472280394345243	,0.8490598771094232	, 0.8501925611576725	 0.8542176834795383	 0.8547356875653729
1750.7537688442212, 0.8701744784799001	, 0.8593113802807164	, 0.8114176284795979	,0.8190713509717461	,0.8389894917124264	,0.8419702470835468	,0.8464597519586676	,0.8482299931556581	,0.8500152001309086	, 0.8511258656654138	 0.8550669369399626	 0.855576672770499
1758.5427135678392, 0.8670212973906823	, 0.8548258419947116	, 0.8136916737685667	,0.8210397950018837	,0.8402194295967385	,0.8431206864834573	,0.8474839140130586	,0.8492159281067707	,0.8509560973658453	, 0.8520454151079384	 0.8559049060478976	 0.8564065587906237
1766.3316582914574, 0.8634059145086023	, 0.8497564920260997	, 0.8158846893812294	,0.8229447377108701	,0.841424142197777	,0.8442493570936636	,0.8484908380970463	,0.8501862756386317	,0.8518829314873785	, 0.8529515402120738	 0.8567318196840501	 0.8572255681528982
1774.1206030150754, 0.8592837474785058	, 0.8440668776001106	, 0.8180010727148501	,0.8247895813785429	,0.8426044448650724	,0.8453569773107009	,0.8494810224672577	,0.851141447862305	,0.852796050224906	, 0.8538445575437233	 0.8575478982721318	 0.8580339152814765
1781.9095477386934, 0.8546094773276169	, 0.837727526850764	, 0.8200449945896611	,0.8265774851221394	,0.8437611557213751	,0.8464442186879456	,0.8504549549962922	,0.8520818300324245	,0.8536957781442486	, 0.8547247634736125	 0.8583533502019602	 0.8588318032075438
1789.6984924623116, 0.8493386419619479	, 0.8307189425885223	, 0.8220204278674329	,0.8283113937423209	,0.844895079052561	,0.8475117098453433	,0.8514131113897964	,0.8530077815887412	,0.854582417519468	, 0.8555924343852158	 0.859148371368233	 0.8596194231193088
1797.4874371859296, 0.8434298837606414	, 0.8230341968085829	, 0.8239311645391999	,0.8299940948928484	,0.8460069908003499	,0.8485600507835993	,0.8523559664636354	,0.8539196438666274	,0.8554562562227788	, 0.8564478319387464	 0.8599331475225603	 0.8603969564985565
1805.2763819095478, 0.8368477631423845	, 0.8146805152040609	, 0.8257808119357051	,0.8316282678875504	,0.8470976364028112	,0.8495898271892053	,0.8532840078073914	,0.8548177490424304	,0.8563175767966348	, 0.8572912098264386	 0.8607078579842212	 0.8611645785477529
1813.0653266331658, 0.8295659116793479	, 0.8056800670640175	, 0.8275727784018755	,0.8332164947519113	,0.8481677436235071	,0.8506016164095711	,0.8541977386900523	,0.8557024256894358	,0.8571666617211146	, 0.8581228188058649	 0.8614726791773508	 0.8619224615181391
1820.854271356784, 0.8215703542756226	, 0.7960712516874141	, 0.8293102714741214	,0.8347612321161278	,0.849218041349611	,0.8515959838396026	,0.8550976643490409	,0.8565739996218793	,0.8580037935023709	, 0.8589429087653055	 0.8622277870693037	 0.8626707770687103
1828.643216080402, 0.8128629872324322	, 0.7859121745402347	, 0.8309963172448362	,0.8362647663023873	,0.8502492697989144	,0.8525734741154158	,0.8559842665231658	,0.8574327914144871	,0.8588292512193355	, 0.8597517282516068	 0.8629733581967967	 0.863409697323421
1836.4321608040202, 0.8034653255498438	, 0.7752871397610271	, 0.832633782115103	,0.8377291776989233	,0.8512621724487505	,0.8535346023234387	,0.8568579774551124	,0.8582791125434335	,0.8596433058058606	, 0.8605495223474724	 0.8637095692586664	 0.8641393945646654
1844.2211055276382, 0.793422742280006	, 0.7643151704257475	, 0.8342253692598312	,0.8391563275841767	,0.8522574710421131	,0.854479847830255	,0.8577191631911311	,0.8591132612748621	,0.8604462153838514	, 0.8613365295335457	 0.8644365954352479	 0.8648600396959134
1852.0100502512564, 0.7828094887657154	, 0.7531578456263152	, 0.8357735832042071	,0.8405478661443432	,0.8532358342736963	,0.8554096509968105	,0.8585681196581438	,0.8599355188501411	,0.8612382212072563	, 0.862112978118323	 0.8651546078882075	 0.8655717999030929
1859.7989949748744, 0.7717345084215245	, 0.7420229933777566	, 0.8372806855589964	,0.8419052554114772	,0.8541978527867387	,0.8563244128850572	,0.8594050795192197	,0.8607461468247176	,0.8620195450232366	, 0.862879083213513	 0.8658637712478705	 0.8662748362797256
1867.5879396984924, 0.76034715656514	, 0.7311611823590628	, 0.8387486739631178	,0.8432298027754191	,0.8551440283538189	,0.8572244987254751	,0.8602302261954247	,0.8615453867503685	,0.8627903890189687	, 0.8636350454457958	 0.8665642419947618	 0.8669693022703588
1875.3768844221106, 0.7488407327321853	, 0.7208533622894795	, 0.8401792981480204	,0.8445227008232825	,0.8560747782333616	,0.8581102451321536	,0.8610437118317086	,0.8623334626712927	,0.8635509387925218	, 0.864381051966126	 0.867256168236505	 0.8676553434064739
1883.1658291457286, 0.7374511274879672	, 0.7113902772846068	, 0.8415741019050317	,0.8457850655993902	,0.8569904510314204	,0.8589819690953406	,0.8618456758013131	,0.8631105855316642	,0.8643013683115505	, 0.8651172792355185	 0.8679396907548401	 0.8683330982328307
1890.9547738693468, 0.7264485728583896	, 0.7030468949816029	, 0.8429344698300482	,0.8470179637844977	,0.8578913485810806	,0.859839975760471	,0.8626362597788069	,0.8638769577909985	,0.8650418449546327	, 0.8658438963921147	 0.8686149447552145	 0.8690026999092435
1898.7437185929648, 0.7161222328101868	, 0.6960568673220031	, 0.844261665766978	,0.848222424364689	,0.8587777480352465	,0.8606845632157315	,0.8634156163906831	,0.8646327770235182	,0.8657725332715821	, 0.8665610682315794	 0.8692820617457212	 0.8696642779582161
1906.532663316583, 0.7067592567514317	, 0.6905919208275134	, 0.8455568620551311	,0.8493994391235485	,0.8596499190833913	,0.8615160248508563	,0.8641839113363574	,0.8653782384181188	,0.866493597402306	, 0.8672689575382608	 0.8699411712178347	 0.8703179598434531
1914.321608040201, 0.6986212068338304	, 0.6867492576046292	, 0.8468211631237388	,0.8505499616154927	,0.8605081334826108	,0.8623346512192894	,0.8649413218135974	,0.8661135368058307	,0.8672052029439945	, 0.8679677269775945	 0.870592402014987	 0.8709638722546634
1922.1105527638192, 0.6919213857397366	, 0.6845478430897404	, 0.848055624101077	,0.8516749120942003	,0.8613526675904588	,0.8631407327376992	,0.8656880349197418	,0.866838868634552	,0.8679075188415871	, 0.8686575406916074	 0.8712358833233091	 0.8716021420281143
1929.8994974874372, 0.6868067253536728	, 0.6839329724178846	, 0.8492612621564644	,0.852775188227915	,0.8621838014227021	,0.8639345626453446	,0.8664242478956523	,0.8675544334893415	,0.8686007189363101	, 0.8693385652971194	 0.8718717451334791	 0.8722328965645126
1937.6884422110554, 0.6833473974150198	, 0.6847877330986305	, 0.8504390598773781	,0.8538516746046458	,0.8630018181491065	,0.86471643815435	,0.8671501691794341	,0.8682604341618347	,0.8692849820676413	, 0.8700109696881295	 0.8725001179820481	 0.872856263582058
1945.4773869346734, 0.6815358411927059	, 0.6869493041915301	, 0.8515899643878768	,0.8549052430885509	,0.8638070057397176	,0.8654866578995788	,0.8678660175216052	,0.8689570744754794	,0.8699604897892774	, 0.8706749232220993	 0.8731211318871777	 0.873472370138138
1953.2663316582914, 0.6812946815027817	, 0.6902273067703115	, 0.8527148882855774	,0.855936741458404	,0.8645996593547397	,0.8662455156341015	,0.8685720171297666	,0.8696445550639605	,0.8706274218300925	, 0.8713305925238135	 0.873734914658124	 0.8740813410891829
1961.0552763819096, 0.6824909860933731	, 0.6944211689785885	, 0.853814716065358	,0.8569469755370149	,0.8653800813807753	,0.8669932924492179	,0.8692683894684927	,0.870323068504603	,0.8712859507837172	, 0.8719781379179335	 0.8743415900704845	 0.8746832974338755
1968.8442211055276, 0.6849534452170726	, 0.6993341462133017	, 0.8548903140428472	,0.8579366947536439	,0.8661485768961609	,0.8677302510096506	,0.8699553450203299	,0.870992795791604	,0.8719362381997298	, 0.872617710862251	 0.8749412765381257	 0.8752783551069675
1976.6331658291458, 0.68848949222925	, 0.70478301946473	, 0.8559425374536088	,0.8589065896870517	,0.8669054451852736	,0.8684566345435981	,0.8706330791489297	,0.8716539056674322	,0.8725784337753719	, 0.8732494534213535	 0.8755340867657638	 0.8758666246585176
1984.4221105527638, 0.692900456339312	, 0.7106038471135274	, 0.8569722288733629	,0.8598573037143239	,0.8676509707419109	,0.8691726710622594	,0.8713017745434223	,0.8723065570615324	,0.8732126779559072	, 0.8738734999573088	 0.8761201284912493	 0.8764482119204465
1992.211055276382, 0.6979937878241693	, 0.7166548463538398	, 0.8579802072124986	,0.8607894537036083	,0.868385418099649	,0.8698785809016389	,0.8719616095940496	,0.8729509035588441	,0.8738391067802951	, 0.8744899803063375	 0.8766995060129937	 0.8770232193874649
2000.0, 0.7035919545866871	, 0.7228174413674293	, 0.8589672527836285	,0.8617036508943026	,0.8691090332259902	,0.8705745845023117	,0.8726127693161703	,0.8735870981652827	,0.874457857053439	, 0.8750990232588396	 0.877272321982543	 0.8775917478489494
