Environnement : Air / n = 1 
Cube : Argent / n(lambda) / 30 - 80 nm
Gap diélectrique / n = 1.45 / 3 nm
Fonctionnalisation diélectrique / n = 1.45 / 1 nm
Couche métallique : Or / n(lambda) / 20 nm
Substrat : SiO2 / n = 1.5 / 200 nm

Wavelengths (nm) 	 R_reso30_mol	 R_reso30_nomol	 R_reso40_mol	 R_reso40_nomol	 R_reso50_mol	 R_reso50_nomol	 R_reso60_mol	 R_reso70_mol	 R_reso70_nomol	 R_reso80_mol	 R_reso80_nomol
450.0, 0.1299051142268714	, 0.132008287101951	, 0.14054605031916842	,0.14237628745976177	,0.15504024667277885	,0.15746174086808237	,0.1748672040606077	,0.1976537781174888	,0.19969459584841648	, 0.21777579730100444	 0.22035739923077485
455.27638190954775, 0.12643805372761618	, 0.12846140055870156	, 0.13733239713558895	,0.139098974691234	,0.152230910326148	,0.15472062593891894	,0.1727637136289828	,0.1965221578138456	,0.198668055373428	, 0.21833152825660396	 0.22107905107923642
460.5527638190955, 0.12310936625770498	, 0.12508302331965368	, 0.1339627478283933	,0.13570782525018016	,0.14913815365147817	,0.15156367853232589	,0.1702338140881394	,0.19499033882054623	,0.1971969733429081	, 0.21869278454336946	 0.22152327397896154
465.8291457286432, 0.12019844170435359	, 0.12217311177811364	, 0.13088589189955396	,0.1326531486581207	,0.14630121909098706	,0.14860756647108975	,0.16790837683972945	,0.19365861083346703	,0.19587344281619548	, 0.21929417672926083	 0.22213436105993548
471.10552763819095, 0.1178538410405528	, 0.11989726031926659	, 0.1282502483024695	,0.13009105681201352	,0.14380554805762338	,0.1459858638429579	,0.16584542982595418	,0.19257923894118675	,0.19474048094319257	, 0.2201646638460138	 0.22293609716980883
476.3819095477387, 0.1162262103975408	, 0.1184145640006184	, 0.12620197077730969	,0.12817313324222923	,0.14173337149501375	,0.14382284121754743	,0.16407534876971935	,0.19173842471946242	,0.19380099401536177	, 0.2212548989067857	 0.22389028727018306
481.65829145728645, 0.11546437797424028	, 0.11787263996110278	, 0.12489179053404402	,0.1270507569913249	,0.14018945735115876	,0.14225435175847048	,0.16264939910956447	,0.19112309701133057	,0.19307308152089242	, 0.22250220904246581	 0.22495727981332594
486.9346733668342, 0.11570551051581235	, 0.11839929982629986	, 0.12446443041291314	,0.1268675155929449	,0.13930010294066028	,0.1414243078710255	,0.16165076071134746	,0.19075044218554738	,0.19260616034524297	, 0.22386130640994273	 0.22612122516004265
492.2110552763819, 0.11706496016338504	, 0.12009511553221933	, 0.12504886433105086	,0.12774870391436824	,0.13920221114207426	,0.141473911055714	,0.16119003252761976	,0.19067459192554242	,0.19248105171454782	, 0.22531914972073436	 0.22739946109722103
497.48743718592965, 0.11962818828163774	, 0.12302824376652227	, 0.12675181974758448	,0.1297930464374479	,0.14002890149925942	,0.14252947293313586	,0.16139272914891636	,0.19097895807835796	,0.1928005949601841	, 0.22689695582183403	 0.22884017280414334
502.7638190954774, 0.12344577813650881	, 0.12723192074367112	, 0.12965262505948183	,0.1330650503798474	,0.14189615296536115	,0.14469216130067178	,0.1623845976525772	,0.19176371240778403	,0.19367624612300133	, 0.22864371855355098	 0.23051295818234754
508.04020100502515, 0.1285315618257656	, 0.1327045526568678	, 0.13379727837843955	,0.137593258131791	,0.14489288820315216	,0.14803112425195197	,0.16427864969022868	,0.19313391863171547	,0.19521508616729116	, 0.23062674804292863	 0.2324973392007563
513.3165829145729, 0.13486342677965193	, 0.13941219850582479	, 0.13919508022269309	,0.1433677953483614	,0.1490747473462806	,0.15258004587721183	,0.16716515068481885	,0.19518958850175497	,0.1975093765370266	, 0.23292302384459695	 0.2348727287814761
518.5929648241206, 0.142386629510286	, 0.14729337834798525	, 0.14581816931362676	,0.15033973040289597	,0.15446090373503232	,0.1583366654584695	,0.17110418051127768	,0.1980172258146063	,0.20062896791817791	, 0.23561218139529155	 0.23771129451402337
523.8693467336684, 0.1510201242789249	, 0.1562661689351879	, 0.15359831204437735	,0.15842544188272187	,0.16103399537122326	,0.16526487124411057	,0.17612087665141493	,0.20168189494631103	,0.20461654596115963	, 0.23877055545437845	 0.24107415587380474
529.1457286432161, 0.16066617527453894	, 0.16623663522871823	, 0.1624324289087624	,0.167507241034782	,0.1687438215620925	,0.17329791891848523	,0.18220526712420498	,0.2062215487519686	,0.20948497822256376	, 0.24246672564989002	 0.24501095669332365
534.4221105527638, 0.17122122249617952	, 0.17710550755616283	, 0.17218666430172244	,0.17744090577743016	,0.1775127814426875	,0.18233937992430133	,0.1893196586778888	,0.21164242158618005	,0.2152166544309165	, 0.24675986346186926	 0.24956076622758705
539.6984924623116, 0.18258273093725524	, 0.18876949670477217	, 0.1827007841172921	,0.18808141088162528	,0.1872372312319939	,0.19225710739916	,0.197414099966312	,0.21791811621193846	,0.22176664342482177	, 0.2516983567366254	 0.25474722712164755
544.9748743718593, 0.19464753257858983	, 0.20111797008586263	, 0.19381678647827963	,0.19931680829308304	,0.19778029998059407	,0.20287034704237789	,0.20644152136233515	,0.22499467640758505	,0.2290791642429332	, 0.25730814258400037	 0.26055830752764875
550.251256281407, 0.2073051896420921	, 0.2140308269969474	, 0.20542252772186922	,0.21109268450274385	,0.20895892414024878	,0.21393827923028433	,0.21635484267253946	,0.2328156839591056	,0.23712573671651896	, 0.2635620148095399	 0.2669156700193072
555.5276381909548, 0.22043566174586687	, 0.22738173373538176	, 0.2174754970499789	,0.22340254145482283	,0.22053173177210025	,0.22516880064922581	,0.22707858683599025	,0.24136439734236365	,0.2459334568672837	, 0.2703476224846683	 0.27367483640495066
560.8040201005025, 0.23391457712421623	, 0.2410445552315547	, 0.22998356470281223	,0.23623370551195935	,0.2321977347583146	,0.23628469888039316	,0.23847351864774982	,0.25067178646804705	,0.2555499122860024	, 0.2774882566625004	 0.28071336409457953
566.0804020100503, 0.24762082547414171	, 0.25489818691210947	, 0.24294384815954184	,0.24951326102858087	,0.24363998304613835	,0.24717640194685844	,0.250313153993784	,0.26075271217447504	,0.26594441149020337	, 0.2848637384190469	 0.2880745163542278
571.356783919598, 0.26144079446911744	, 0.2688271672501212	, 0.256286483168324	,0.2631064499958604	,0.2546691235405733	,0.25805176505066535	,0.2622656445270016	,0.27150725766062134	,0.2769294441625702	, 0.29254949979045825	 0.2959675243949543
576.6331658291457, 0.27526781292382496	, 0.2827180682287148	, 0.26987302227644144	,0.27685220197254257	,0.26543249255471174	,0.2693391481089052	,0.27387169301709124	,0.2826751849132319	,0.2881491781024439	, 0.3007395069421494	 0.3045180292562607
581.9095477386935, 0.2889978972040797	, 0.2964526739401787	, 0.2835362837137532	,0.2905917217354247	,0.27641738902262153	,0.28132725866723685	,0.2845487874099493	,0.29385499075308646	,0.2990992262143993	, 0.30944360837354695	 0.31352820458933534
587.1859296482412, 0.30252318915848286	, 0.3098993470270654	, 0.29711162846309225	,0.3041752186581746	,0.2880584242799181	,0.2939495841066418	,0.29372288083653014	,0.3045398306786041	,0.3091667460054688	, 0.3183169990067996	 0.32249153766887756
592.462311557789, 0.3157246748030053	, 0.32290568055710694	, 0.31044411732031163	,0.31745654270470125	,0.3003727411250237	,0.30689599179693583	,0.3012085119212354	,0.3141792603827547	,0.31774824862915313	, 0.3267863162483822	 0.3307958890857362
597.7386934673367, 0.32846754606265244	, 0.33529985440021076	, 0.32338524761063886	,0.33028892403434257	,0.31303019749586586	,0.31980618770433406	,0.3076752604076189	,0.3223259511652349	,0.324493711513309	, 0.3343201586362216	 0.3379867343768053
603.0150753768844, 0.34060665467503237	, 0.3469147673321854	, 0.33579450506072467	,0.3425322943055784	,0.3256154381285966	,0.33237325498567577	,0.31451864698075327	,0.3288595642709057	,0.3295840071222998	, 0.3406964939967647	 0.3440014628601234
608.2914572864322, 0.35201337928828924	, 0.3576474189329984	, 0.3475552083984704	,0.3540837606997698	,0.33779150575313593	,0.3443847432374574	,0.322877850171119	,0.334137700304776	,0.3337824184871726	, 0.34614669400616943	 0.3492344156049443
613.5678391959799, 0.36263151010038364	, 0.3675437542454288	, 0.35861295224478656	,0.3649307945564675	,0.34936487233938973	,0.35575651346947446	,0.33289335034012085	,0.3388927656402732	,0.3381117978569833	, 0.3512590457352604	 0.35433859275848334
618.8442211055276, 0.3725439006823918	, 0.37684747509769156	, 0.36902597828393363	,0.3751956711880116	,0.36031605384116666	,0.36655711147849596	,0.34397473591889877	,0.3438966921724951	,0.343409480480157	, 0.3566818642625851	 0.3598920217480244
624.1206030150754, 0.3819921986268076	, 0.3859336385915361	, 0.37898103438276154	,0.385118784537363	,0.37079021292446657	,0.3769806169478025	,0.35544769928465025	,0.34966360223616266	,0.35012982166753737	, 0.36284449229858007	 0.3661683975969076
629.3969849246231, 0.3912999963828117	, 0.3951463360584823	, 0.3887373492957668	,0.394965513275402	,0.3810204728195239	,0.38725552584066486	,0.36690634787740645	,0.35641791327441597	,0.3583990752237344	, 0.3698573676182515	 0.3731011299611614
634.6733668341709, 0.40073693021462214	, 0.40466691379338443	, 0.3985229789142524	,0.40491926403325523	,0.3912148475909988	,0.39754618886872617	,0.37821640746241225	,0.36426208170795493	,0.3680761317730809	, 0.3775606467420712	 0.38035875134195124
639.9497487437186, 0.41042797763739086	, 0.4144978213607795	, 0.40845650619518825	,0.4150387583639963	,0.40148203393966875	,0.4079125396406608	,0.3893766492984361	,0.3732685377342098	,0.37877898506135826	, 0.3856092613967918	 0.38744662163239263
645.2261306532664, 0.4203591186882339	, 0.42452863534731883	, 0.41854101123979953	,0.4252873017694692	,0.41182978089010486	,0.41833202482009985	,0.40040611325310344	,0.3833576007326599	,0.3900217333487929	, 0.3935305923705889	 0.3938598659708738
650.5025125628141, 0.43043873938360433	, 0.43460924198308626	, 0.4287104449071444	,0.4355860902894586	,0.42220590454415396	,0.42874339060371097	,0.41130326982106785	,0.394205702190018	,0.4014030802459749	, 0.40078023920987726	 0.3993940861825435
655.7788944723618, 0.44055568554044594	, 0.44459167279468836	, 0.4388802527715995	,0.44585360076943126	,0.4325401405741032	,0.43908046391389627	,0.42204850825346585	,0.40539408605741056	,0.41268151697888855	, 0.40691317398725274	 0.4045306775106633
661.0552763819096, 0.45060995985089763	, 0.4543406915287787	, 0.448975624662308	,0.4560237776749424	,0.442768819875788	,0.4492885889954712	,0.4326162891118357	,0.41659739950988	,0.42374239597924407	, 0.41197888270447186	 0.4103325648270588
666.3316582914573, 0.46052017437077003	, 0.4637239216684678	, 0.4589394447715978	,0.46605034392077194	,0.45284394163161396	,0.45932885374998533	,0.44298361153040633	,0.427633143025598	,0.4345412769871678	, 0.41685555705274446	 0.4176095464739362
671.608040201005, 0.47021872369434237	, 0.47259279828014444	, 0.4687320716483744	,0.47590518713194857	,0.4627334870939802	,0.46917646364360677	,0.4531335234977333	,0.4384190180704011	,0.44506528184784444	, 0.42279934559884924	 0.4263555902080243
676.8844221105528, 0.4796424828380426	, 0.48076056605945355	, 0.4783306175396612	,0.485574811514053	,0.47241826955065364	,0.47881743135381033	,0.46305551497269715	,0.44892442894391915	,0.45531456361533623	, 0.4304328232150701	 0.4360549984926673
682.1608040201005, 0.4887225231588574	, 0.48797625896354807	, 0.48772814886863886	,0.49505502599511636	,0.48188836433805915	,0.48824546968654664	,0.472744672982526	,0.4591428050406572	,0.46529479224247916	, 0.439482848822483	 0.4461753370959935
687.4371859296482, 0.4973739923208529	, 0.4938998708154102	, 0.4969287315568978	,0.5043451751281988	,0.4911402603997354	,0.4974595532701692	,0.48220033731122447	,0.4690786516259144	,0.4750141080271107	, 0.44932682818613673	 0.45636152223410226
692.713567839196, 0.5054862710658289	, 0.49808750852869615	, 0.5059376534157211	,0.5134455518618185	,0.5001747750666142	,0.5064621729456679	,0.4914245179840831	,0.4787415387855319	,0.4844816613485042	, 0.45944695360161536	 0.466421830657198
697.9899497487437, 0.512912205018824	, 0.4999954959330389	, 0.51475617250014	,0.5223577297034465	,0.5089956308533741	,0.5152582048713653	,0.5004208880767329	,0.4881427948926246	,0.49370662699501733	, 0.46953392723519277	 0.47626677314958765
703.2663316582915, 0.5194543017716946	, 0.49904901788752465	, 0.5233849475581789	,0.5310847286461887	,0.5176085807186156	,0.5238541316493908	,0.5091946991265812	,0.4972935156880084	,0.5026977221379036	, 0.47943416268849126	 0.4858613168204353
708.5427135678392, 0.5248461043255169	, 0.49485105543405655	, 0.5318290616387732	,0.539629217343471	,0.5260207491175123	,0.5322572775844185	,0.5177527582496927	,0.506203961094256	,0.511463325805066	, 0.48908274703454363	 0.49519692294335493
713.819095477387, 0.5287276573532966	, 0.4875307264133277	, 0.5400980335725802	,0.5479902824858107	,0.5342398568457438	,0.5404751565380116	,0.5261025140411865	,0.5148838410495478	,0.5200116430882724	, 0.4984592030114931	 0.5042771590636423
719.0954773869347, 0.530626159441357	, 0.47808832026795745	, 0.5481994056684405	,0.5561615148782353	,0.5422735727917363	,0.5485152075877122	,0.534250877317387	,0.5233425003739093	,0.5283505891453982	, 0.5075636736672677	 0.5131107506976197
724.3718592964824, 0.5299796757021771	, 0.46845670885351737	, 0.5561328910546346	,0.5641314506966941	,0.5501293396156917	,0.5563847356902685	,0.542204021013016	,0.5315887559872424	,0.5364876764979556	, 0.5164051638362355	 0.5217082679535491
729.6482412060302, 0.5262596541848094	, 0.4609612149379853	, 0.5638920926563058	,0.571885040985918	,0.5578144267445736	,0.5640908102198346	,0.5499681915355082	,0.5396307672339256	,0.5444300471028041	, 0.5249959248519284	 0.5300805229358739
734.9246231155779, 0.5192354576127884	, 0.4573138372443739	, 0.5714710531516085	,0.5794045317375698	,0.5653359018970004	,0.5716401802327741	,0.5575506755392106	,0.5474760745599647	,0.5521845071890369	, 0.5333488129140274	 0.538237822413893
740.2010050251256, 0.509312842450067	, 0.4579710240505938	, 0.5788709835051644	,0.5866656587944344	,0.5727005577934665	,0.5790393317925957	,0.5649595319759753	,0.5551317240812198	,0.5597575959317951	, 0.5414761261091454	 0.5461897218264821
745.4773869346734, 0.4977592166991422	, 0.46233255171476517	, 0.5861017545544468	,0.5936260336780098	,0.5799149502363332	,0.5862946264464924	,0.572202114358617	,0.5626045236579706	,0.5671557873534698	, 0.5493892163978548	 0.5539450319936932
750.7537688442212, 0.4865958225511094	, 0.4693345997192734	, 0.5931705692756986	,0.600212896620557	,0.5869855567747714	,0.5934122566537531	,0.5792842938813523	,0.5699013783560914	,0.5743856018205108	, 0.5570984427734742	 0.5615118850864078
756.0301507537688, 0.47797814453323784	, 0.4779181468634809	, 0.600064714945071	,0.6063180811366652	,0.5939188434981914	,0.6003977958934097	,0.5862107868606478	,0.5770292944634191	,0.5814533660449528	, 0.5646132283879517	 0.56889780049606
761.3065326633166, 0.4733336157592668	, 0.4872505751983989	, 0.6067472816751179	,0.611795907098324	,0.6007209719275295	,0.6072556869484015	,0.5929859202338336	,0.5839948993406071	,0.5883648955594085	, 0.5719421511117384	 0.5761097471044264
766.5829145728644, 0.47298114150421805	, 0.49677698636120515	, 0.6131658395488873	,0.6164582513429263	,0.6073973362321464	,0.6139892211227541	,0.5996148510180785	,0.5908040701467695	,0.5951254627722762	, 0.5790930415495976	 0.5831541972181117
771.8592964824121, 0.47639274789125796	, 0.506183300435743	, 0.6192615643686444	,0.6200644803300178	,0.6139524613027061	,0.6206008261067206	,0.6061041729268244	,0.5974620148193657	,0.601739943885495	, 0.5860730806523026	 0.5900371879036932
777.1356783919598, 0.48260640335822363	, 0.5153147362479598	, 0.6249745899141799	,0.6222999028720785	,0.6203902600378253	,0.6270921329550966	,0.6124605794180367	,0.6039734854408086	,0.6082129450887575	, 0.5928889048030538	 0.596764388292495
782.4120603015076, 0.49057675493377656	, 0.5240959483002714	, 0.630240980157758	,0.622741272732942	,0.6267142434342824	,0.633463635253588	,0.6186892602763419	,0.6103429072147695	,0.614548905018009	, 0.5995466951177422	 0.6033411417373293
787.6884422110553, 0.49945091418278925	, 0.532489455029185	, 0.6349698683589318	,0.6208360079464283	,0.6329274626818308	,0.6397141500859104	,0.6247942498557318	,0.6165745386429922	,0.6207522609135867	, 0.6060522222591314	 0.6097724857012917
792.964824120603, 0.508674831679606	, 0.5404850363018151	, 0.6390060973677952	,0.615935187305887	,0.6390322227937201	,0.6458404674680438	,0.630779426453331	,0.6226727938338077	,0.626827666991453	, 0.6124108710982328	 0.6160631817482957
798.2412060301508, 0.5179290529398342	, 0.5480950632116336	, 0.6421084003204435	,0.6074020716057308	,0.6450298137676119	,0.6518372556440787	,0.6366483095785886	,0.6286425822962932	,0.6327800077574299	, 0.6186276817673716	 0.6222177572842006
803.5175879396985, 0.5270196141391701	, 0.5553448610977764	, 0.6439532728102494	,0.594812299205786	,0.6509204534193963	,0.6576969282262743	,0.6424040134939504	,0.6344891922063294	,0.6386140115569341	, 0.6247074008978825	 0.6282405393769244
808.7939698492462, 0.5358170891293403	, 0.5622625028649167	, 0.6441475241854603	,0.5782447501158522	,0.6567033745224541	,0.6634091545047255	,0.6480508382818179	,0.6402175817506437	,0.644333838758336	, 0.6306545273965656	 0.6341356797219935
814.070351758794, 0.544240068168676	, 0.56887390461013	, 0.6422461545302358	,0.5585728217666031	,0.6623768748659499	,0.6689596743016746	,0.6535951535222725	,0.6458318385048031	,0.6499430850774549	, 0.6364733542823304	 0.6399071739912798
819.3467336683418, 0.5522516873252321	, 0.5752018503696747	, 0.6377875965798399	,0.5375549894848468	,0.6679380563530026	,0.6743283864581967	,0.6590431142885449	,0.6513353541041946	,0.6554450305213447	, 0.642168002939202	 0.6455588674762557
824.6231155778894, 0.5598542933949844	, 0.5812656020179993	, 0.6303435222395287	,0.5175626278803068	,0.6733819866591438	,0.6794874584456434	,0.6643979639489497	,0.6567312730724068	,0.6608427844304171	, 0.6477424280136393	 0.6510944395280106
829.8994974874372, 0.5670752725408537	, 0.5870816243964181	, 0.6195620267037502	,0.5010000387601612	,0.6787005709259114	,0.6844000159303516	,0.6696607973661328	,0.6620226590397501	,0.6661392723788275	, 0.6532003868468239	 0.6565173933288813
835.175879396985, 0.5739472974092924	, 0.59266620339027	, 0.6052342877577583	,0.4896363141705336	,0.6838818119151591	,0.6890188037909478	,0.674833017365418	,0.667212351108829	,0.6713372231620698	, 0.6585454136140105	 0.6618310771180906
840.4522613065327, 0.5804957869157581	, 0.598038186692904	, 0.587500919474829	,0.48414298752755336	,0.6889094898892754	,0.693283989470411	,0.6799165233618722	,0.6723028660314869	,0.6764392866789102	, 0.6637808303780778	 0.6670387071132466
845.7286432160804, 0.586737515781845	, 0.603219171014191	, 0.5671978089161985	,0.48409334481872635	,0.6937627325021369	,0.6971197390385934	,0.684911893417707	,0.6772966147519233	,0.6814482831329369	, 0.6689097810460105	 0.6721433950622244
851.0050251256282, 0.5926859398312748	, 0.6082298816568659	, 0.5460597605512718	,0.4883680518116508	,0.698415143430116	,0.7004293055682579	,0.6898180409796574	,0.6821963662595427	,0.6863674400062758	, 0.6739352693315807	 0.6771481625799234
856.2814070351759, 0.5983610055434637	, 0.6130857968585067	, 0.5264664964690706	,0.4956479474582374	,0.7028332825827117	,0.7030887550626379	,0.6946343747400613	,0.6870056384934002	,0.6912003084262112	, 0.6788602023185549	 0.6820559368779159
861.5577889447236, 0.6037971599886647	, 0.617796405510398	, 0.5107364436382948	,0.5047502952299933	,0.7069742094789465	,0.7049405012163227	,0.699363061057215	,0.6917285211863944	,0.6959502211658795	, 0.6836874422579636	 0.686869573241043
866.8341708542714, 0.6090382351397297	, 0.622367581165501	, 0.5003584349075516	,0.5147701654504936	,0.7107821982758018	,0.7057878052319063	,0.7040086589210297	,0.696368792365279	,0.7006197650353936	, 0.6884198412896183	 0.6915918432406496
872.1105527638191, 0.6141198836447133	, 0.626804026596644	, 0.4956319903240562	,0.5250947582630471	,0.7141853025876903	,0.7053903892112312	,0.7085746767197609	,0.7009291284680745	,0.7052108021757205	, 0.6930602233174655	 0.6962253808640257
877.3869346733668, 0.6190576007664104	, 0.6311108105332454	, 0.49586627943523964	,0.5353563258953652	,0.7170920351189294	,0.703461830392646	,0.7130604106662298	,0.7054112046079977	,0.7097248844280186	, 0.6976113236002266	 0.7007726947545602
882.6633165829146, 0.6238508783000918	, 0.6352943178221544	, 0.49990085884835345	,0.5453579215538317	,0.719387670424062	,0.6996712547941134	,0.7174616716960484	,0.7098163952151719	,0.7141635963405579	, 0.7020757565047347	 0.705236196744804
887.9396984924624, 0.6284942315290724	, 0.6393625129324919	, 0.5065883309213978	,0.5549983063773503	,0.720929831418816	,0.6936537963765748	,0.7217743297147643	,0.714146354114475	,0.7185285916766128	, 0.7064560574496245	 0.7096181742779949
893.2160804020101, 0.6329846454573436	, 0.6433240264668848	, 0.5150194520093809	,0.5642223154411681	,0.7215434954701863	,0.6850361237958549	,0.7259967529183866	,0.7184030937508756	,0.7228213475874928	, 0.7107547316297382	 0.71392081306305
898.4924623115578, 0.6373244875782325	, 0.6471863717079764	, 0.5245157966068429	,0.5730009257150978	,0.7210155816133449	,0.6734859567866104	,0.7301285272639789	,0.7225885536543205	,0.7270428829359682	, 0.7149741940153697	 0.7181462693064178
903.7688442211056, 0.641522329695533	, 0.6509547884456192	, 0.5345571923633989	,0.581325335541677	,0.7190894689423337	,0.6587954736742411	,0.7341664383759565	,0.7267040528462114	,0.7311937260415422	, 0.7191166377916054	 0.722296638729471
909.0452261306533, 0.645591948215184	, 0.6546326413932536	, 0.54474599139371	,0.5892026837581131	,0.7154617083660434	,0.6409993831718261	,0.7381020844294881	,0.7307501728166128	,0.7352741576825483	, 0.7231840074532185	 0.726373881011631
914.321608040201, 0.6495485101485395	, 0.6582226229352223	, 0.5547977954597979	,0.596650943137953	,0.7097866439882338	,0.6205051418526467	,0.741923727755943	,0.7347271649286297	,0.7392845680680279	, 0.7271780817292077	 0.7303798779047244
919.5979899497488, 0.6534035264479596	, 0.6617276008561714	, 0.5645282286545084	,0.6036942995104397	,0.7016962805323246	,0.5981844051473558	,0.7456199973514991	,0.7386355725914027	,0.7432257692666194	, 0.7311005451132998	 0.7343165280577053
924.8743718592965, 0.6571625525084667	, 0.6651506967614612	, 0.5738309353717032	,0.6103600426696913	,0.6908417139443661	,0.5753609966975649	,0.7491820970774388	,0.7424767836853753	,0.7470990181900979	, 0.7349530738255533	 0.7381856694763391
930.1507537688442, 0.6608269574523171	, 0.6684948794599589	, 0.5826544734018867	,0.6166770924210959	,0.6769614603392181	,0.553650368523135	,0.7526031901185641	,0.7462531831254169	,0.7509054763447542	, 0.7387374361766658	 0.7419889263837216
935.427135678392, 0.6643971833692247	, 0.6717626460910749	, 0.5909841080722477	,0.6226754942225873	,0.659978704082011	,0.5346651642855624	,0.7558745110478136	,0.7499674921811013	,0.7546453115949465	, 0.742455448286214	 0.7457277304518323
940.7035175879398, 0.667874854485086	, 0.6749561364078628	, 0.5988302531786216	,0.628385563374947	,0.6401176352047444	,0.5196827744127921	,0.7589794260600212	,0.7536214701242204	,0.7583171872387924	, 0.746108801744066	 0.7494034824828871
945.9798994974874, 0.6712630472803314	, 0.678077567223427	, 0.6062219086476432	,0.633835751118503	,0.6180077180553362	,0.5094127682582062	,0.7618895819636503	,0.7572150352578885	,0.7619185096543952	, 0.7496990218585206	 0.753017594339535
951.2562814070352, 0.6745653463801734	, 0.6811297102027032	, 0.613200859140735	,0.6390502159259971	,0.5947242318142238	,0.5039481550210484	,0.7645668433363361	,0.760746529040198	,0.7654460348281209	, 0.753227617454051	 0.7565713399478878
956.532663316583, 0.6777849096944996	, 0.6841162067882444	, 0.6198129290770539	,0.6440480768082185	,0.5717139111444927	,0.5028781207751828	,0.7669696222513492	,0.7642136657071947	,0.7688963474056003	, 0.7566961618369237	 0.7600657469754324
961.8090452261307, 0.6809244366037254	, 0.6870414998816149	, 0.6260981724478621	,0.648844600695097	,0.5505889668316432	,0.5054794237262082	,0.7690579832997279	,0.7676144024061607	,0.7722660321246345	, 0.7601061364375679	 0.7635016985004865
967.0854271356784, 0.6839868133141223	, 0.6899101563744007	, 0.6320859949426896	,0.6534528537994627	,0.532830174962432	,0.5109098045103081	,0.7707923656358037	,0.7709474157462576	,0.7755514397894906	, 0.7634587415971201	 0.7668801071565569
972.3618090452262, 0.6869757963535951	, 0.6927257980560436	, 0.6377969806544725	,0.6578847237811323	,0.5194942564674072	,0.5183558680545955	,0.7721246705435804	,0.7742120541792183	,0.7787479796247992	, 0.7667549445673015	 0.7702019118156922
977.6381909547739, 0.6898965728854409	, 0.6954904612516838	, 0.6432473131405491	,0.6621512613860098	,0.5110381208585447	,0.5271188310536246	,0.7729867123482892	,0.7774075917030703	,0.7818492162247537	, 0.7699956942918427	 0.7734678745593178
982.9145728643216, 0.6927559104147178	, 0.6982048850349234	, 0.6484518797850888	,0.6662626919339992	,0.5073223274201764	,0.5366452971020211	,0.77328446185894	,0.7805319925474273	,0.7848463581186323	, 0.773181991446002	 0.7766784376110645
988.1909547738694, 0.695561070144567	, 0.7008692937903451	, 0.6534253285089605	,0.6702283720582412	,0.5077643309226495	,0.5465219049386627	,0.7729014108619324	,0.7835810232457188	,0.7877283785959263	, 0.7763147096720905	 0.7798338087352291
993.4673366834171, 0.6983175993148254	, 0.7034840140032741	, 0.6581819701498337	,0.6740568346845289	,0.5115513052587085	,0.5564540441169769	,0.7717074829434022	,0.7865483470063304	,0.7904824412109418	, 0.7793944348013255	 0.7829341484828836
998.7437185929649, 0.7010278035867045	, 0.7060497102842144	, 0.66273538522779	,0.6777560047233472	,0.5178277392500551	,0.5662413961417481	,0.7695682754140082	,0.7894263047321861	,0.7930942755681543	, 0.7824215267303036	 0.7859796318050775
1004.0201005025126, 0.7036912091553764	, 0.7085673576462832	, 0.6670981788358192	,0.6813336282319957	,0.5258175881144233	,0.5757555449442322	,0.7663493856304581	,0.7922067412806763	,0.7955484169009207	, 0.7853962805405686	 0.7889702810740804
1009.2964824120603, 0.7063062284495113	, 0.7110381125380346	, 0.6712820854662146	,0.6847978299547184	,0.5348820037194044	,0.5849211091071047	,0.7619108216019572	,0.7948816257882282	,0.797828210879305	, 0.788318980180185	 0.791905723678122
1014.5728643216081, 0.708871557200441	, 0.7134632013120401	, 0.6752985317966692	,0.688157450422756	,0.5445318439681294	,0.593699513230747	,0.7560924737840525	,0.7974434423790309	,0.7999152109111254	, 0.7911897668166544	 0.7947851180133841
1019.8492462311558, 0.7113867161690609	, 0.7158438900898536	, 0.679159610183972	,0.691421661021715	,0.5544138851817938	,0.6020753512994229	,0.7487038602527197	,0.7998850559357605	,0.801787618953701	, 0.7940084523814012	 0.7976072727236816
1025.1256281407036, 0.713851967858699	, 0.7181815176894022	, 0.682879005457216	,0.6945987991931064	,0.5642844308529273	,0.610047063641035	,0.7395356879967178	,0.8021985064683399	,0.8034181672841963	, 0.7967744852542286	 0.8003708282422798
1030.4020100502512, 0.7162680563443544	, 0.7204775059245027	, 0.6864719255810668	,0.6976952266305209	,0.5739808263705299	,0.6176219597266369	,0.728396037905467	,0.80437274796046	,0.8047725858080023	, 0.7994870812049709	 0.8030743756564711
1035.678391959799, 0.718636099455332	, 0.7227332821430483	, 0.6899533490845791	,0.700715123310193	,0.5833977136502991	,0.6248135603009556	,0.7151571566210981	,0.8063915403174376	,0.8058093228230181	, 0.8021454070932157	 0.805716361879802
1040.9547738693468, 0.7209576952537364	, 0.7249501593835519	, 0.693335407919846	,0.7036611932521375	,0.5924695874132031	,0.6316399218359249	,0.699800335152007	,0.8082328796731002	,0.8064800044708021	, 0.8047487043511017	 0.8082947697300014
1046.2311557788944, 0.7232350397044576	, 0.7271293004624089	, 0.6966259042694586	,0.7065355576532538	,0.6011584347737795	,0.6381224053890503	,0.6824557720906328	,0.8098699320677619	,0.8067297928376115	, 0.8072961649649393	 0.8108068496257215
1051.5075376884424, 0.7254707728021764	, 0.7292718127185506	, 0.6998289350507573	,0.7093403155713403	,0.6094455011532843	,0.644284077741039	,0.6634316739050496	,0.8112723090833069	,0.8064973529346599	, 0.8097865548860659	 0.8132491126066874
1056.78391959799, 0.727667492909483	, 0.7313788596666609	, 0.7029466683705987	,0.7120777289914205	,0.6173261888548668	,0.6501476175942874	,0.6432175827865605	,0.8124068737442942	,0.8057145300361402	, 0.81221796171905	 0.8156174686833852
1062.0603015075376, 0.7298272677325084	, 0.7334516440054624	, 0.7059808728679973	,0.7147501986968522	,0.6248067528278066	,0.6557338778175448	,0.6224537033597658	,0.8132380496086636	,0.8043056781385228	, 0.8145879012215707	 0.8179073597615046
1067.3366834170856, 0.731951546387581	, 0.7354912583556975	, 0.7089336547242774	,0.7173601759033766	,0.6319018560598981	,0.6610618445503169	,0.6018808054024007	,0.8137277579381614	,0.8021862466883781	, 0.8168935610821474	 0.8201138407671095
1072.6130653266332, 0.734041443539358	, 0.7374985467741326	, 0.7118075862321234	,0.7199100801443418	,0.6386321908867562	,0.6661492375766548	,0.582293048572347	,0.8138346608489276	,0.7992604398576756	, 0.8191319796808391	 0.8222314688028466
1077.8894472361808, 0.7360979848419101	, 0.7394740971257416	, 0.7146055651074185	,0.722402244933646	,0.6450216128738726	,0.6710127583014345	,0.5644931332337371	,0.8135120142681577	,0.7954189107693695	, 0.8213001410659515	 0.8242539114518928
1083.1658291457288, 0.7381220640057399	, 0.741418341637782	, 0.717330622513162	,0.7248388935132251	,0.6510944080844486	,0.6756680001265514	,0.5492266486872678	,0.8127039918801214	,0.7905385787378497	, 0.823394815828529	 0.8261735364327072
1088.4422110552764, 0.740114268703273	, 0.7433316686654825	, 0.7199857685084523	,0.7272221435502145	,0.6568737398351081	,0.6801295274011896	,0.5370869458444161	,0.8113418940143383	,0.7844860968486596	, 0.8254120565467314	 0.8279812878460955
1093.7185929648242, 0.7420748416590651	, 0.7452144890590887	, 0.7225738970439576	,0.7295540404716401	,0.6623811094681248	,0.684411102298471	,0.5284206072991641	,0.8093424971134123	,0.7771246914427228	, 0.8273467645865171	 0.8296667255623826
1098.994974874372, 0.7440038207049328	, 0.7470672626506218	, 0.725097750944104	,0.7318366155949243	,0.6676360166095626	,0.6885256069377791	,0.5232797668881457	,0.8066094002899695	,0.7683233346388675	, 0.8291927320062421	 0.8312179438985573
1104.2713567839196, 0.7459012185383616	, 0.7488905151736169	, 0.7275599459127438	,0.7340719500628409	,0.672655854371242	,0.6924846142075408	,0.5214435845227857	,0.8030361419049152	,0.7579679874021514	, 0.8309428803550095	 0.8326214335079506
1109.5477386934674, 0.7477671313045627	, 0.7506848699623904	, 0.729963055784233	,0.7362622008161354	,0.6774564572152231	,0.6962981288265854	,0.52249513444167	,0.7985095843484968	,0.7459753732109825	, 0.8325892547609585	 0.8338620823415847
1114.8241206030152, 0.7496017705364172	, 0.7524510986510629	, 0.732309752804857	,0.7384095371121814	,0.682052857689637	,0.6999748452212582	,0.5259210794822939	,0.7929133093321464	,0.732309369395274	, 0.8341229397712068	 0.8349231381466
1120.1005025125628, 0.7514054679101819	, 0.7541901659418143	, 0.7346029591529593	,0.7405159848023157	,0.686459376548614	,0.7035226435043486	,0.5312024412510179	,0.7861316915387975	,0.7169988885609524	, 0.8355342317572898	 0.8357857885259458
1125.3768844221106, 0.7531787019864832	, 0.7559032160194696	, 0.7368459051078263	,0.7425832635562791	,0.6906890427571777	,0.7069488628979351	,0.5378749987415051	,0.7780551838101882	,0.7001549139966	, 0.8368127564776725	 0.8364284640988767
1130.6532663316584, 0.7549221727155643	, 0.7575914556461972	, 0.739041970723356	,0.7446127288816132	,0.6947532049114927	,0.7102602902940515	,0.5455521468344241	,0.7685865633772537	,0.6819841299721515	, 0.8379469789080808	 0.8368263485569888
1135.929648241206, 0.7566369134514879	, 0.7592559584152843	, 0.7411943024774459	,0.7466054456813882	,0.6986618301941941	,0.7134631752609919	,0.5539194287601112	,0.7576472859345841	,0.6627975700847232	, 0.8389233233967034	 0.8369512381602033
1141.2060301507538, 0.7583243795354526	, 0.76089749829255	, 0.7433054037076039	,0.7485623212555065	,0.7024240668720881	,0.7165634871538162	,0.5627193598484307	,0.7451837470357698	,0.6430131007927012	, 0.8397257175921115	 0.8367713610127328
1146.4824120603016, 0.7599864079475822	, 0.7625165152631607	, 0.7453769674959886	,0.750484214629629	,0.7060484725661104	,0.7195672554848298	,0.571740142661623	,0.7311756062998644	,0.6231482142901744	, 0.8403357734053402	 0.8362508990775513
1151.7587939698492, 0.7616249661654656	, 0.7641132118212356	, 0.7474100296084512	,0.7523719907099088	,0.7095429303687638	,0.7224806501680016	,0.580810225752139	,0.7156502808453074	,0.6037967798183201	, 0.840732936890252	 0.8353495308004124
1157.035175879397, 0.7632417454397281	, 0.7656876934597302	, 0.7494052816029485	,0.754226530683961	,0.7129147242525609	,0.7253096550856969	,0.5897948136876078	,0.6987053767634365	,0.5855858033918612	, 0.8408941413489642	 0.8340223945332389
1162.3115577889448, 0.7648378140053782	, 0.7672400745216964	, 0.7513633429289905	,0.7560487211199087	,0.7161709718106146	,0.7280595629437372	,0.5985918544839867	,0.6805342353030219	,0.5691165271210534	, 0.8407934095220831	 0.8322202679414586
1167.5879396984924, 0.7664135380234245	, 0.7687705274903229	, 0.7532849049197303	,0.7578394376866154	,0.7193190537629196	,0.7307346883649003	,0.607127777339489	,0.6614448309986714	,0.5549021033264522	, 0.8404019908663319	 0.8298893570264004
1172.8643216080404, 0.7679687767353278	, 0.7702792933123395	, 0.7551707651700895	,0.7595995307661905	,0.7223665419482932	,0.7333384842779638	,0.6153539260555179	,0.6418631664579847	,0.5433162465642164	, 0.8396886841652847	 0.8269705996116207
1178.140703517588, 0.7695031813086316	, 0.771766678311566	, 0.7570218042753643	,0.7613298149129119	,0.7253205640055967	,0.7358739031517739	,0.6232438385395138	,0.6223167943914797	,0.5345636076850164	, 0.8386193998964193	 0.8233992508484949
1183.4170854271356, 0.7710164311272379	, 0.7732330551501474	, 0.7588389455317025	,0.7630310620208879	,0.7281870929996508	,0.7383437113823677	,0.630790544084418	,0.6033985689226061	,0.5286759787666033	, 0.8371558488785362	 0.8191055465925349
1188.6934673366836, 0.7725083520003628	, 0.7746788736065194	, 0.7606231175167648	,0.7647039978329414	,0.7309707279584859	,0.7407505926946366	,0.6380025762781594	,0.5857145920930883	,0.525531830961167	, 0.8352545297629609	 0.8140162658968177
1193.9698492462312, 0.7739789458323189	, 0.7761046746885008	, 0.7623752253872232	,0.7663493021224195	,0.7336750686771717	,0.743097089821076	,0.6448980346720987	,0.569824204828644	,0.5248921483090152	, 0.8328670814589775	 0.8080562895761314
1199.2462311557788, 0.7754283824851985	, 0.7775110902744495	, 0.7640961310771607	,0.7679676140727427	,0.7363033089363911	,0.745385552537779	,0.6514977624121574	,0.5561831876845923	,0.526443669846852	, 0.8299414869923399	 0.8011498343673018
1204.5226130653268, 0.7768569891000991	, 0.7788988078150206	, 0.7657866413927248	,0.7695595456858382	,0.7388586109671079	,0.7476182125328952	,0.6578200238217656	,0.5451023582977007	,0.5298409270396416	, 0.8264225788669985	 0.7932223576215524
1209.7989949748744, 0.7782652476578203	, 0.7802684964894026	, 0.7674475031058119	,0.7711257067628954	,0.7413441140753895	,0.7497973627133385	,0.6638783776279316	,0.5367308588877269	,0.5347401958283704	, 0.8222512527321856	 0.7842045807780432
1215.0753768844222, 0.7796537892240788	, 0.7816207230499798	, 0.7690794054994372	,0.772666743605919	,0.7437627573413278	,0.7519255118751219	,0.6696824186020526	,0.5310663031427671	,0.5408216133030608	, 0.8173637159270171	 0.7740389451035969
1220.35175879397, 0.781023359973849	, 0.7829559027576117	, 0.7706829936837297	,0.7741833876802899	,0.7461172085025861	,0.7540053827211302	,0.6752397692416373	,0.5279847948800354	,0.5477998506651536	, 0.8116926742837467	 0.7626872742455673
1225.6281407035176, 0.7823747411013009	, 0.7842743097018966	, 0.7722588985313835	,0.7756764984426497	,0.7484100386140546	,0.7560397141451148	,0.6805579064317818	,0.5272777032047341	,0.5554270078806469	, 0.805170744454728	 0.7501382221737997
1230.9045226130654, 0.7837086369211517	, 0.7855761308442729	, 0.7738077886936632	,0.7771470709921393	,0.7506440321117767	,0.758030966128545	,0.6856452563766854	,0.528683651254198	,0.5634919052887161	, 0.7977343623831171	 0.7364143645092736
1236.1809045226132, 0.7850255803932572	, 0.7868615283204164	, 0.7753304446638142	,0.7785961792963844	,0.7528223856068822	,0.759981107277189	,0.6905115910158525	,0.5319119330853216	,0.5718182145932582	, 0.789326427595536	 0.721579884934036
1241.4572864321608, 0.786325904472702	, 0.7881306841269656	, 0.7768278416958607	,0.780024855381008	,0.7549486048030899	,0.7618916079078899	,0.6951679421253553	,0.5366601267672357	,0.5802620589108195	, 0.7798980265038256	 0.7057490851155415
1246.7336683417086, 0.7876097859536294	, 0.7893838200973727	, 0.7783012073169413	,0.7814339535134437	,0.7570261102182347	,0.763763614285116	,0.6996262473050304	,0.5426293149064221	,0.5887090162692262	, 0.7694115625409164	 0.6890937466489097
1252.0100502512564, 0.7888773271133959	, 0.7906211972730678	, 0.7797520016714047	,0.7828240710056535	,0.7590577800114809	,0.7655981771676054	,0.7038989261228492	,0.5495374972281858	,0.5970705647677913	, 0.7578471545619188	 0.6718459981446029
1257.286432160804, 0.7901286340360849	, 0.7918431018373548	, 0.7811817820646374	,0.7841955626758514	,0.7610457175374831	,0.7673964112897911	,0.7079985266320762	,0.5571298845178967	,0.6052802440280792	, 0.7452114145572292	 0.6542944796423438
1262.5628140703518, 0.7913638702031208	, 0.793049825525133	, 0.7825919747090825	,0.7855486249822758	,0.7629913664801721	,0.7691595289127366	,0.7119374302993463	,0.5651850237348978	,0.6132898841298596	, 0.7315455344496975	 0.6367742174994999
1267.8391959798996, 0.792583282761691	, 0.7942416489645711	, 0.7839836526037475	,0.7868833948701925	,0.7648958574043605	,0.7708887643512647	,0.7157274813514689	,0.5735168709443624	,0.6210661824432253	, 0.7169303896912186	 0.6196521468757291
1273.1155778894472, 0.7937872045942347	, 0.7954188344754524	, 0.7853574329238187	,0.7882000220697829	,0.7667603551151965	,0.7725852592476784	,0.7193794923482218	,0.5819737956355454	,0.6285877769490033	, 0.7014892111003864	 0.6033094314715645
1278.391959798995, 0.7949760334867085	, 0.796581629539679	, 0.7867135325406197	,0.7894987036805204	,0.7685862275063918	,0.7742499899486952	,0.7229028024806079	,0.5904357487390511	,0.6358428276324445	, 0.6853901147000412	 0.588120214102322
1283.6683417085428, 0.7961501910645374	, 0.7977302769016943	, 0.7880519247009221	,0.7907796898051065	,0.7703749887598729	,0.775883781603064	,0.7263051447038412	,0.5988106406831306	,0.642827000001263	, 0.6688492639614986	 0.5744268750222862
1288.9447236180904, 0.7973100729189367	, 0.798865025467054	, 0.789372505279005	,0.7920432739038936	,0.7721280979149004	,0.7774873967314769	,0.7295928924842189	,0.6070305966474095	,0.6495416804995235	, 0.6521318586961447	 0.5625147074632222
1294.2211055276382, 0.7984560101354863	, 0.7999861374060332	, 0.7906752085035372	,0.7932897783261335	,0.7738467628653947	,0.7790616500684643	,0.7327715068493703	,0.6150483372923725	,0.6559922962999373	, 0.6355462373817151	 0.5525914448816258
1299.497487437186, 0.7995882594177537	, 0.8010938887574798	, 0.7919600604372962	,0.7945195408050291	,0.7755318770409697	,0.7806074979656676	,0.7358459283423517	,0.6228335975469612	,0.6621867625236288	, 0.6194286787440542	 0.5447764971259176
1304.7738693467336, 0.8007070232362081	, 0.8021885626397071	, 0.7932271870219495	,0.7957329041895984	,0.777184121397665	,0.7821260642879178	,0.7388207741011271	,0.630369396885678	,0.6681342174191768	, 0.60412141404306	 0.5391011852581737
1310.0502512562816, 0.8018124857101714	, 0.8032704367442415	, 0.7944767988513817	,0.7969302096443855	,0.7788041696631329	,0.7836185854908015	,0.7417003647128699	,0.6376481983126459	,0.6738441924207837	, 0.5899496863892822	 0.5355174347520328
1315.3266331658292, 0.8029048455088187	, 0.8043397698672047	, 0.7957091686540857	,0.7981117925624658	,0.7803928957810309	,0.7850862888295378	,0.7444886932736168	,0.6446683657388957	,0.6793262147259111	, 0.5772026813920356	 0.5339109681621751
1320.6030150753768, 0.8039843328375833	, 0.8053967933875914	, 0.7969246096789191	,0.7992779802221778	,0.7819514950356083	,0.7865302535275114	,0.7471894337974841	,0.6514314703634919	,0.6845897015061895	, 0.5661191742832269	 0.5341162587557238
1325.8793969849248, 0.8050512065249644	, 0.8064417109555129	, 0.7981234578327046	,0.8004290904451007	,0.7834814658192031	,0.7879513191311364	,0.7498060215049689	,0.6579407206938369	,0.6896439741436973	, 0.5568760047893274	 0.5359323074384736
1331.1557788944724, 0.8061057353583195	, 0.8074747049789647	, 0.7993060578949462	,0.8015654308661283	,0.7849844485302654	,0.7893500792031986	,0.7523417885435708	,0.6642003406264205	,0.6944982755539943	, 0.5495786366445261	 0.5391388266079328
1336.4321608040202, 0.8071481738277707	, 0.8084959455427634	, 0.8004727534338519	,0.802687298670496	,0.7864619810075623	,0.7907269500267015	,0.7548001255585519	,0.6702154652548383	,0.6991617475512155	, 0.5442561722868644	 0.5435117069289086
1341.708542713568, 0.8081787440348309	, 0.8095055978134671	, 0.8016238800709025	,0.8037949807494177	,0.7879152786849689	,0.7920822713623515	,0.7571846413206738	,0.6759921679654114	,0.7036433759961513	, 0.5408642703907118	 0.5488359285745688
1346.9849246231156, 0.8091976308905453	, 0.8105038262367036	, 0.8027597617145846	,0.8048887542743628	,0.7893451387915698	,0.7934163960938647	,0.7594992862370153	,0.6815374207135909	,0.7079519292784048	, 0.5392969552234048	 0.5549142842804065
1352.2613065326634, 0.8102049896403033	, 0.8114907957990158	, 0.8038807090969549	,0.8059688877288936	,0.7907519977784042	,0.7947297439991947	,0.761748391295116	,0.6868589524543384	,0.7120959112956989	, 0.5394043437430753	 0.5615714604037223
1357.5376884422112, 0.8112009590780987	, 0.8124666714258504	, 0.8049870197391821	,0.8070356425460335	,0.7921360927921729	,0.7960228130124034	,0.76393657300141	,0.6919650493180418	,0.7160835412500283	, 0.541010940742109	 0.5686544785410879
1362.8140703517588, 0.8121856736074063	, 0.8134316165526815	, 0.8060789785949098	,0.8080892755665893	,0.7934976447830656	,0.7972961533065338	,0.7660684886796963	,0.6968643546461597	,0.719922767118225	, 0.5439299833779152	 0.5760313037087782
1368.0904522613066, 0.8131592706241682	, 0.8143857915448196	, 0.8071568590860777	,0.8091300424746426	,0.7948369960835259	,0.7985503186244112	,0.7681484918380732	,0.701565713569662	,0.7236213113134813	, 0.5479724902756447	 0.583589168965563
1373.3668341708544, 0.8141218930719512	, 0.8153293523227835	, 0.8082209247840884	,0.8101582019998028	,0.7961546685957799	,0.7997858161183687	,0.7701802979053887	,0.7060780874501638	,0.7271867303320882	, 0.5529526615140851	 0.5912332780520144
1378.643216080402, 0.8150736886928467	, 0.8162624493630123	, 0.8092714323775686	,0.8111740199570256	,0.7974513381108623	,0.8010030756800761	,0.7721667805947754	,0.710410543417555	,0.7306264524441455	, 0.5586921239543652	 0.5988857578218489
1383.9195979899498, 0.8160148076694609	, 0.8171852271850953	, 0.810308636641891	,0.8121777713431035	,0.7987277441535816	,0.8022024494944913	,0.7741099631059576	,0.7145723002666043	,0.7339477542570056	, 0.5650243688599057	 0.6064844247528126
1389.1959798994976, 0.8169453998522516	, 0.8180978244674151	, 0.8113327978015993	,0.8131697383381811	,0.7999845752110855	,0.803384238307111	,0.7760111802438509	,0.7185727827940056	,0.7371576584128486	, 0.5717991153622862	 0.61398105337446
1394.4723618090452, 0.8178656122190894	, 0.8190003750246309	, 0.8123441909538714	,0.814150202990473	,0.8012223779309013	,0.8045487319278022	,0.7778713245961123	,0.7224216120109241	,0.7402627754871991	, 0.5788854846998737	 0.6213391645429545
1399.748743718593, 0.818775586836157	, 0.8198930099832924	, 0.8133431160209411	,0.8151194357530117	,0.8024415257296723	,0.8056962511430125	,0.7796910839386738	,0.7261284613366108	,0.7432691495756372	, 0.586173042198669	 0.6285316567322631
1405.0251256281408, 0.8196754594209912	, 0.8207758615744353	, 0.8143299051429597	,0.816077683740058	,0.8036422522727777	,0.8068271819713713	,0.781471113999442	,0.7297027588129946	,0.7461821707581998	, 0.5935705840625909	 0.6355387060323279
1410.3015075376884, 0.8205653585795302	, 0.8216490689129384	, 0.8153049230942463	,0.817025163458892	,0.8048247283354927	,0.8079419957039469	,0.783212135151779	,0.7331533016527478	,0.7490065836896803	, 0.601003432271683	 0.6423462179571588
1415.5778894472362, 0.8214454058556315	, 0.8225127858156343	, 0.8162685565222059	,0.8179620607413228	,0.8059891514822672	,0.8090412484396454	,0.7849149694494055	,0.7364879178468662	,0.7517465761466839	, 0.608410422529868	 0.6489448516460663
1420.854271356784, 0.8223157168540628	, 0.8233671899412247	, 0.8172211910125117	,0.8188885370303803	,0.8071358241628956	,0.8101255552700032	,0.7865805423706109	,0.739713301787798	,0.7544059052495501	, 0.6157415325497265	 0.6553294305109567
1426.1306532663316, 0.823176403842132	, 0.8242124912507623	, 0.8181631808567978	,0.8198047386182484	,0.808265205101867	,0.8111955406946479	,0.7882098696421306	,0.7428350662974164	,0.7569880202479294	, 0.622956466259283	 0.6614984868353274
1431.4070351758796, 0.8240275803547117	, 0.8250489362945232	, 0.8190948217153114	,0.8207108052714445	,0.8093779237761847	,0.8122517775492538	,0.7898040420312133	,0.7458579551913237	,0.7594961568633594	, 0.6300239378877749	 0.6674537360838719
1436.6834170854272, 0.8248693683310185	, 0.8258768040763023	, 0.8200163366348668	,0.8216068761855643	,0.8104747506053184	,0.8132947349294168	,0.7913642147087051	,0.7487861132034319	,0.7619333956380343	, 0.6369211527939941	 0.6731993842308982
1441.9597989949748, 0.8257019080393972	, 0.8266963906057858	, 0.8209278798906053	,0.8224930929302565	,0.8115565231050135	,0.8143247535872153	,0.792891603604972	,0.7516233251059222	,0.7643026891969582	, 0.6436330405826627	 0.6787412982140888
1447.2361809045228, 0.8265253702952615	, 0.8275079834334359	, 0.8218295548901096	,0.8233696000768672	,0.8126240433811853	,0.8153420547559621	,0.7943874876257366	,0.7543731808645097	,0.7666068697221252	, 0.650151024514558	 0.6840861764210385
1452.5125628140704, 0.8273399690804174	, 0.8283118329722379	, 0.8227214375049404	,0.8242365444767099	,0.8136779778830494	,0.8163467738972925	,0.795853210955641	,0.7570391640409301	,0.768848648798189	, 0.6564713909128741	 0.6892408924091413
1457.7889447236182, 0.8281459707785094	, 0.829108130585675	, 0.8236035967762961	,0.8250940740119097	,0.8147187935242386	,0.8173390036809567	,0.7972901746318245	,0.7596246823781742	,0.7710306186254637	, 0.6625935542754288	 0.6942121269732806
1463.065326633166, 0.8289436946421949	, 0.8298970012343287	, 0.8244761087820704	,0.8259423363433156	,0.8157467493165658	,0.8183188325993214	,0.7986998052636228	,0.7621330650091312	,0.773155258359362	, 0.668518597983167	 0.6990062897418677
1468.3417085427136, 0.8297334993396148	, 0.8306785118598999	, 0.8253390633258266	,0.8267814779193313	,0.8167619384095682	,0.8192863722897038	,0.8000834958727249	,0.7645675476434194	,0.7752249447317588	, 0.6742483623119935	 0.7036296346857137
1473.6180904522614, 0.8305157540015932	, 0.8314526901389658	, 0.8261925652433965	,0.8276116433009284	,0.8177643577737884	,0.8202417724689663	,0.8014425288351782	,0.7669312607849553	,0.7772419636507486	, 0.6797851228322734	 0.7080884393385319
1478.8944723618092, 0.8312907988463312	, 0.8322195456681852	, 0.827036732587041	,0.8284329747428486	,0.8187539801378417	,0.8211852250813187	,0.8027780051260637	,0.7692272291659801	,0.7792085196452545	, 0.6851316948983829	 0.7123891386865574
1484.1708542713568, 0.8320589069371306	, 0.8329790873674372	, 0.8278716934919486	,0.8292456119249214	,0.8197308113509398	,0.822116959567336	,0.8040908063202797	,0.7714583841328531	,0.7811267419794442	, 0.6902917096374223	 0.7165383519956819
1489.4472361809046, 0.8328202601407344	, 0.833731334444485	, 0.8286975828529021	,0.8300496917332684	,0.8206949269511886	,0.8230372309002398	,0.8053816026698182	,0.7736275855415939	,0.7829986878267774	, 0.6952698317773575	 0.7205427923277344
1494.7236180904524, 0.8335749468434566	, 0.8344763212440918	, 0.8295145393783226	,0.8308453480299252	,0.821646488314102	,0.8239463026136552	,0.806650900677222	,0.775737646405044	,0.7848263423503379	, 0.7000717765324785	 0.7244090941013543
1500.0, 0.8343229796399121	, 0.8352140977363515	, 0.8303227032181584	,0.8316327114125303	,0.8225857406967193	,0.8248444284844884	,0.8078991097186946	,0.7777913519645079	,0.7866116137544676	, 0.7047040869612757	 0.7281436239722116
