Thermal	--	--	NH3	--	--	N2	--	--
nm	n	k	nm	n	k	nm	n	k
370,37857	2,40686	0,72804	370,37857	2,28714	0,83831	370,37857	2,24492	1,03313
371,95874	2,41016	0,72252	371,95874	2,29371	0,83415	371,95874	2,25756	1,0331
373,53891	2,41334	0,717	373,53891	2,30015	0,8299	373,53891	2,27016	1,03278
375,11911	2,4164	0,71148	375,11911	2,30646	0,82557	375,11911	2,2827	1,03215
376,69931	2,41933	0,70596	376,69931	2,31263	0,82116	376,69931	2,29518	1,03123
378,27957	2,42213	0,70045	378,27957	2,31868	0,81667	378,27957	2,30758	1,03001
379,8598	2,42481	0,69495	379,8598	2,3246	0,81212	379,8598	2,3199	1,0285
381,44006	2,42738	0,68946	381,44006	2,33038	0,8075	381,44006	2,33212	1,02671
383,02036	2,42982	0,68398	383,02036	2,33602	0,80281	383,02036	2,34424	1,02462
384,60065	2,43215	0,67851	384,60065	2,34154	0,79806	384,60065	2,35625	1,02226
386,18097	2,43436	0,67307	386,18097	2,34692	0,79325	386,18097	2,36814	1,01963
387,76129	2,43645	0,66764	387,76129	2,35216	0,78839	387,76129	2,37989	1,01672
389,34161	2,43843	0,66223	389,34161	2,35727	0,78348	389,34161	2,39151	1,01355
390,922	2,4403	0,65684	390,922	2,36225	0,77853	390,922	2,40298	1,01013
392,50238	2,44206	0,65147	392,50238	2,36709	0,77353	392,50238	2,4143	1,00645
394,08273	2,44372	0,64613	394,08273	2,3718	0,76849	394,08273	2,42545	1,00252
395,66315	2,44526	0,64082	395,66315	2,37638	0,76341	395,66315	2,43643	0,99836
397,24356	2,4467	0,63553	397,24356	2,38082	0,7583	397,24356	2,44724	0,99396
398,82398	2,44804	0,63028	398,82398	2,38513	0,75316	398,82398	2,45786	0,98934
400,40439	2,44928	0,62505	400,40439	2,38931	0,74799	400,40439	2,46829	0,9845
401,98483	2,45041	0,61986	401,98483	2,39336	0,7428	401,98483	2,47853	0,97945
403,56528	2,45145	0,6147	403,56528	2,39727	0,73758	403,56528	2,48857	0,9742
405,14575	2,45239	0,60957	405,14575	2,40106	0,73235	405,14575	2,4984	0,96876
406,72623	2,45323	0,60448	406,72623	2,40472	0,7271	406,72623	2,50801	0,96314
408,3067	2,45398	0,59943	408,3067	2,40825	0,72184	408,3067	2,51742	0,95733
409,88721	2,45464	0,59442	409,88721	2,41166	0,71656	409,88721	2,5266	0,95136
411,46768	2,45521	0,58945	411,46768	2,41494	0,71128	411,46768	2,53556	0,94523
413,04819	2,45569	0,58451	413,04819	2,41809	0,706	413,04819	2,54429	0,93896
414,62872	2,45608	0,57962	414,62872	2,42112	0,70071	414,62872	2,5528	0,93253
416,20923	2,45639	0,57477	416,20923	2,42403	0,69543	416,20923	2,56107	0,92598
417,78973	2,45661	0,56996	417,78973	2,42682	0,69014	417,78973	2,56912	0,9193
419,37027	2,45675	0,56519	419,37027	2,42949	0,68487	419,37027	2,57692	0,91251
420,95078	2,45681	0,56047	420,95078	2,43204	0,67959	420,95078	2,58449	0,90561
422,53134	2,45678	0,5558	422,53134	2,43447	0,67433	422,53134	2,59183	0,89861
424,11188	2,45668	0,55117	424,11188	2,43679	0,66908	424,11188	2,59892	0,89152
425,69244	2,4565	0,54659	425,69244	2,43899	0,66385	425,69244	2,60578	0,88435
427,27301	2,45625	0,54205	427,27301	2,44108	0,65863	427,27301	2,61241	0,8771
428,85352	2,45592	0,53756	428,85352	2,44306	0,65342	428,85352	2,61879	0,8698
430,43408	2,45552	0,53312	430,43408	2,44493	0,64824	430,43408	2,62494	0,86243
432,01465	2,45505	0,52873	432,01465	2,44669	0,64308	432,01465	2,63086	0,85501
433,59522	2,45451	0,52439	433,59522	2,44835	0,63794	433,59522	2,63654	0,84756
435,17578	2,45391	0,5201	435,17578	2,44989	0,63283	435,17578	2,642	0,84007
436,75635	2,45323	0,51585	436,75635	2,45134	0,62774	436,75635	2,64722	0,83255
438,33691	2,45249	0,51166	438,33691	2,45268	0,62268	438,33691	2,65222	0,82501
439,91748	2,45169	0,50752	439,91748	2,45393	0,61766	439,91748	2,65699	0,81746
441,49805	2,45082	0,50343	441,49805	2,45507	0,61266	441,49805	2,66155	0,80991
443,07861	2,44989	0,4994	443,07861	2,45612	0,60769	443,07861	2,66588	0,80235
444,65918	2,4489	0,49541	444,65918	2,45707	0,60276	444,65918	2,67	0,7948
446,23975	2,44785	0,49148	446,23975	2,45793	0,59787	446,23975	2,6739	0,78726
447,82025	2,44675	0,4876	447,82025	2,45869	0,59301	447,82025	2,6776	0,77974
449,40082	2,44559	0,48377	449,40082	2,45937	0,58819	449,40082	2,68109	0,77225
450,98138	2,44437	0,47999	450,98138	2,45995	0,58341	450,98138	2,68438	0,76478
452,56192	2,4431	0,47627	452,56192	2,46045	0,57867	452,56192	2,68748	0,75735
454,14249	2,44178	0,4726	454,14249	2,46086	0,57397	454,14249	2,69038	0,74995
455,72299	2,4404	0,46899	455,72299	2,46119	0,56931	455,72299	2,69309	0,7426
457,30356	2,43897	0,46542	457,30356	2,46143	0,5647	457,30356	2,69561	0,7353
458,88409	2,4375	0,46192	458,88409	2,46159	0,56013	458,88409	2,69795	0,72805
460,4646	2,43598	0,45846	460,4646	2,46168	0,5556	460,4646	2,70012	0,72085
462,04511	2,43441	0,45506	462,04511	2,46168	0,55112	462,04511	2,70211	0,71371
463,62564	2,43279	0,45171	463,62564	2,46161	0,54669	463,62564	2,70393	0,70664
465,20615	2,43113	0,44842	465,20615	2,46147	0,5423	465,20615	2,70559	0,69963
466,78662	2,42942	0,44518	466,78662	2,46125	0,53797	466,78662	2,70709	0,69269
468,36713	2,42768	0,442	468,36713	2,46096	0,53368	468,36713	2,70843	0,68582
469,9476	2,42589	0,43887	469,9476	2,4606	0,52943	469,9476	2,70962	0,67903
471,52808	2,42406	0,4358	471,52808	2,46017	0,52524	471,52808	2,71066	0,67231
473,10855	2,42218	0,43277	473,10855	2,45967	0,5211	473,10855	2,71156	0,66567
474,68897	2,42028	0,42981	474,68897	2,45911	0,51701	474,68897	2,71232	0,65911
476,26944	2,41833	0,4269	476,26944	2,45848	0,51298	476,26944	2,71294	0,65264
477,84985	2,41634	0,42404	477,84985	2,45779	0,50899	477,84985	2,71344	0,64625
479,43027	2,41432	0,42123	479,43027	2,45704	0,50505	479,43027	2,7138	0,63995
481,01068	2,41227	0,41848	481,01068	2,45623	0,50117	481,01068	2,71405	0,63373
482,59106	2,41018	0,41579	482,59106	2,45536	0,49734	482,59106	2,71417	0,62761
484,17145	2,40806	0,41315	484,17145	2,45443	0,49357	484,17145	2,71418	0,62157
485,7518	2,4059	0,41056	485,7518	2,45344	0,48984	485,7518	2,71408	0,61563
487,33218	2,40372	0,40802	487,33218	2,45241	0,48618	487,33218	2,71388	0,60977
488,91254	2,4015	0,40554	488,91254	2,45131	0,48256	488,91254	2,71357	0,60401
490,49286	2,39925	0,40312	490,49286	2,45017	0,479	490,49286	2,71316	0,59835
492,07315	2,39698	0,40075	492,07315	2,44898	0,47549	492,07315	2,71265	0,59278
493,65347	2,39468	0,39843	493,65347	2,44773	0,47204	493,65347	2,71205	0,5873
495,23373	2,39234	0,39616	495,23373	2,44644	0,46864	495,23373	2,71137	0,58191
496,81403	2,38999	0,39395	496,81403	2,4451	0,4653	496,81403	2,71059	0,57663
498,39423	2,3876	0,39179	498,39423	2,44372	0,46202	498,39423	2,70974	0,57143
499,97452	2,3852	0,38969	499,97452	2,44229	0,45878	499,97452	2,70881	0,56633
501,55469	2,38276	0,38763	501,55469	2,44082	0,45561	501,55469	2,7078	0,56133
503,13492	2,38031	0,38563	503,13492	2,4393	0,45249	503,13492	2,70672	0,55642
504,71509	2,37783	0,38369	504,71509	2,43775	0,44942	504,71509	2,70556	0,55161
506,29526	2,37533	0,38179	506,29526	2,43615	0,44641	506,29526	2,70435	0,54689
507,8754	2,3728	0,37995	507,8754	2,43452	0,44345	507,8754	2,70306	0,54226
509,45551	2,37026	0,37816	509,45551	2,43284	0,44055	509,45551	2,70172	0,53773
511,03558	2,3677	0,37643	511,03558	2,43114	0,43771	511,03558	2,70032	0,53329
512,61566	2,36512	0,37474	512,61566	2,42939	0,43492	512,61566	2,69886	0,52894
514,19574	2,36252	0,37311	514,19574	2,42761	0,43218	514,19574	2,69736	0,52469
515,77576	2,3599	0,37153	515,77576	2,4258	0,4295	515,77576	2,6958	0,52053
517,35584	2,35726	0,37	517,35584	2,42396	0,42687	517,35584	2,69419	0,51646
518,93579	2,35461	0,36853	518,93579	2,42208	0,4243	518,93579	2,69253	0,51248
520,51575	2,35194	0,3671	520,51575	2,42018	0,42179	520,51575	2,69084	0,50858
522,0957	2,34926	0,36573	522,0957	2,41824	0,41933	522,0957	2,6891	0,50478
523,67566	2,34656	0,3644	523,67566	2,41628	0,41692	523,67566	2,68732	0,50107
525,25549	2,34385	0,36313	525,25549	2,41429	0,41457	525,25549	2,68551	0,49744
526,83539	2,34112	0,36191	526,83539	2,41227	0,41227	526,83539	2,68366	0,4939
528,41522	2,33839	0,36074	528,41522	2,41023	0,41003	528,41522	2,68178	0,49045
529,99506	2,33564	0,35962	529,99506	2,40816	0,40784	529,99506	2,67987	0,48708
531,57483	2,33287	0,35855	531,57483	2,40606	0,40571	531,57483	2,67793	0,4838
533,15466	2,3301	0,35753	533,15466	2,40395	0,40363	533,15466	2,67596	0,4806
534,73438	2,32732	0,35656	534,73438	2,40181	0,4016	534,73438	2,67397	0,47748
536,31409	2,32452	0,35565	536,31409	2,39965	0,39962	536,31409	2,67195	0,47444
537,8938	2,32172	0,35478	537,8938	2,39747	0,3977	537,8938	2,66991	0,47148
539,47345	2,31891	0,35396	539,47345	2,39527	0,39583	539,47345	2,66785	0,46861
541,0531	2,31609	0,35319	541,0531	2,39305	0,39402	541,0531	2,66577	0,46581
542,63269	2,31326	0,35247	542,63269	2,39082	0,39226	542,63269	2,66368	0,46309
544,21228	2,31043	0,35179	544,21228	2,38856	0,39055	544,21228	2,66156	0,46045
545,79181	2,30759	0,35117	545,79181	2,38629	0,38889	545,79181	2,65944	0,45788
547,37134	2,30474	0,3506	547,37134	2,38401	0,38728	547,37134	2,6573	0,45539
548,95081	2,30189	0,35007	548,95081	2,3817	0,38573	548,95081	2,65514	0,45297
550,53027	2,29903	0,3496	550,53027	2,37939	0,38423	550,53027	2,65298	0,45062
552,10968	2,29617	0,34917	552,10968	2,37706	0,38277	552,10968	2,65081	0,44835
553,68909	2,29331	0,34879	553,68909	2,37471	0,38137	553,68909	2,64863	0,44615
555,26843	2,29044	0,34845	555,26843	2,37236	0,38002	555,26843	2,64644	0,44402
556,84778	2,28757	0,34817	556,84778	2,36999	0,37873	556,84778	2,64424	0,44196
558,42706	2,2847	0,34793	558,42706	2,36761	0,37748	558,42706	2,64204	0,43997
560,00629	2,28182	0,34774	560,00629	2,36523	0,37628	560,00629	2,63984	0,43804
561,58551	2,27894	0,3476	561,58551	2,36283	0,37513	561,58551	2,63763	0,43618
563,16467	2,27607	0,3475	563,16467	2,36042	0,37403	563,16467	2,63542	0,43439
564,74384	2,27319	0,34745	564,74384	2,358	0,37298	564,74384	2,63321	0,43266
566,32294	2,27031	0,34745	566,32294	2,35558	0,37198	566,32294	2,631	0,431
567,90198	2,26744	0,3475	567,90198	2,35315	0,37103	567,90198	2,62879	0,4294
569,48108	2,26456	0,34759	569,48108	2,35071	0,37013	569,48108	2,62658	0,42786
571,06006	2,26169	0,34772	571,06006	2,34827	0,36927	571,06006	2,62437	0,42638
572,63904	2,25882	0,34791	572,63904	2,34582	0,36847	572,63904	2,62217	0,42496
574,21796	2,25595	0,34814	574,21796	2,34337	0,36771	574,21796	2,61996	0,42361
575,79681	2,25308	0,34841	575,79681	2,34091	0,367	575,79681	2,61777	0,42231
577,37567	2,25022	0,34873	577,37567	2,33845	0,36634	577,37567	2,61557	0,42107
578,95447	2,24736	0,3491	578,95447	2,33599	0,36572	578,95447	2,61339	0,41988
580,53333	2,24451	0,34951	580,53333	2,33352	0,36515	580,53333	2,61121	0,41875
582,112	2,24166	0,34996	582,112	2,33105	0,36463	582,112	2,60903	0,41768
583,69067	2,23882	0,35046	583,69067	2,32858	0,36415	583,69067	2,60687	0,41666
585,26935	2,23598	0,351	585,26935	2,32611	0,36372	585,26935	2,60471	0,4157
586,84796	2,23315	0,35159	586,84796	2,32364	0,36334	586,84796	2,60256	0,41479
588,42651	2,23033	0,35222	588,42651	2,32117	0,363	588,42651	2,60042	0,41393
590,00501	2,22751	0,3529	590,00501	2,31869	0,3627	590,00501	2,59829	0,41312
591,5835	2,22471	0,35362	591,5835	2,31622	0,36245	591,5835	2,59617	0,41236
593,16199	2,22191	0,35438	593,16199	2,31376	0,36225	593,16199	2,59406	0,41166
594,74036	2,21911	0,35519	594,74036	2,31129	0,36209	594,74036	2,59196	0,411
596,31873	2,21633	0,35604	596,31873	2,30882	0,36197	596,31873	2,58987	0,41039
597,89697	2,21356	0,35693	597,89697	2,30636	0,3619	597,89697	2,5878	0,40983
599,47522	2,2108	0,35787	599,47522	2,30391	0,36187	599,47522	2,58574	0,40931
601,05347	2,20805	0,35885	601,05347	2,30145	0,36189	601,05347	2,58369	0,40884
602,63165	2,20531	0,35987	602,63165	2,299	0,36195	602,63165	2,58165	0,40842
604,20978	2,20258	0,36093	604,20978	2,29656	0,36205	604,20978	2,57962	0,40804
605,78778	2,19986	0,36203	605,78778	2,29412	0,36219	605,78778	2,57761	0,4077
607,36585	2,19716	0,36318	607,36585	2,29169	0,36237	607,36585	2,57562	0,40741
608,94379	2,19447	0,36436	608,94379	2,28926	0,3626	608,94379	2,57364	0,40716
610,52173	2,19179	0,36559	610,52173	2,28684	0,36287	610,52173	2,57167	0,40696
612,09961	2,18913	0,36686	612,09961	2,28443	0,36318	612,09961	2,56972	0,40679
613,67743	2,18648	0,36817	613,67743	2,28202	0,36353	613,67743	2,56778	0,40667
615,25525	2,18384	0,36951	615,25525	2,27962	0,36392	615,25525	2,56586	0,40658
616,83295	2,18122	0,3709	616,83295	2,27723	0,36436	616,83295	2,56396	0,40654
618,41065	2,17862	0,37233	618,41065	2,27485	0,36483	618,41065	2,56207	0,40653
619,98828	2,17603	0,3738	619,98828	2,27248	0,36534	619,98828	2,5602	0,40656
621,5658	2,17346	0,37531	621,5658	2,27012	0,36589	621,5658	2,55834	0,40663
623,14337	2,1709	0,37686	623,14337	2,26777	0,36649	623,14337	2,5565	0,40674
624,72083	2,16836	0,37844	624,72083	2,26542	0,36712	624,72083	2,55468	0,40688
626,29822	2,16584	0,38006	626,29822	2,26309	0,36779	626,29822	2,55288	0,40706
627,87561	2,16334	0,38173	627,87561	2,26077	0,36849	627,87561	2,55109	0,40727
629,45294	2,16086	0,38343	629,45294	2,25846	0,36924	629,45294	2,54932	0,40752
631,03015	2,15839	0,38517	631,03015	2,25617	0,37003	631,03015	2,54757	0,40781
632,60736	2,15595	0,38694	632,60736	2,25388	0,37085	632,60736	2,54584	0,40812
634,18451	2,15353	0,38875	634,18451	2,25161	0,37171	634,18451	2,54412	0,40847
635,7616	2,15112	0,3906	635,7616	2,24935	0,3726	635,7616	2,54243	0,40886
637,33868	2,14874	0,39249	637,33868	2,24711	0,37353	637,33868	2,54075	0,40927
638,91565	2,14637	0,39441	638,91565	2,24488	0,3745	638,91565	2,53909	0,40972
640,49255	2,14403	0,39637	640,49255	2,24266	0,37551	640,49255	2,53745	0,4102
642,06946	2,14171	0,39836	642,06946	2,24045	0,37655	642,06946	2,53583	0,4107
643,64624	2,13942	0,40039	643,64624	2,23827	0,37763	643,64624	2,53423	0,41124
645,22302	2,13714	0,40245	645,22302	2,23609	0,37874	645,22302	2,53265	0,41181
646,79968	2,13489	0,40455	646,79968	2,23394	0,37989	646,79968	2,53108	0,4124
648,37634	2,13267	0,40668	648,37634	2,23179	0,38107	648,37634	2,52954	0,41303
649,95288	2,13046	0,40885	649,95288	2,22967	0,38228	649,95288	2,52802	0,41368
651,52942	2,12829	0,41105	651,52942	2,22756	0,38353	651,52942	2,52651	0,41436
653,10584	2,12613	0,41329	653,10584	2,22547	0,38482	653,10584	2,52503	0,41507
654,68225	2,124	0,41555	654,68225	2,22339	0,38614	654,68225	2,52356	0,41581
656,25861	2,1219	0,41785	656,25861	2,22133	0,38749	656,25861	2,52212	0,41657
657,83484	2,11983	0,42018	657,83484	2,21929	0,38887	657,83484	2,52069	0,41735
659,41101	2,11778	0,42255	659,41101	2,21727	0,39028	659,41101	2,51929	0,41816
660,98718	2,11575	0,42494	660,98718	2,21527	0,39173	660,98718	2,5179	0,419
662,56329	2,11376	0,42737	662,56329	2,21328	0,39321	662,56329	2,51654	0,41986
664,13928	2,11179	0,42982	664,13928	2,21132	0,39472	664,13928	2,5152	0,42075
665,71521	2,10985	0,43231	665,71521	2,20937	0,39626	665,71521	2,51387	0,42166
667,29114	2,10794	0,43483	667,29114	2,20745	0,39784	667,29114	2,51257	0,42259
668,86694	2,10606	0,43737	668,86694	2,20554	0,39944	668,86694	2,51129	0,42355
670,44275	2,1042	0,43995	670,44275	2,20365	0,40107	670,44275	2,51003	0,42452
672,01843	2,10238	0,44255	672,01843	2,20179	0,40274	672,01843	2,50879	0,42552
673,59406	2,10059	0,44518	673,59406	2,19995	0,40443	673,59406	2,50757	0,42654
675,16956	2,09882	0,44784	675,16956	2,19812	0,40615	675,16956	2,50637	0,42759
676,74506	2,09709	0,45053	676,74506	2,19632	0,40791	676,74506	2,50519	0,42865
678,3205	2,09539	0,45325	678,3205	2,19454	0,40969	678,3205	2,50403	0,42973
679,89587	2,09372	0,45599	679,89587	2,19278	0,41149	679,89587	2,5029	0,43084
681,47113	2,09208	0,45876	681,47113	2,19105	0,41333	681,47113	2,50178	0,43196
683,04633	2,09047	0,46155	683,04633	2,18933	0,41519	683,04633	2,50069	0,43311
684,62152	2,0889	0,46437	684,62152	2,18764	0,41708	684,62152	2,49962	0,43427
686,19659	2,08736	0,46721	686,19659	2,18598	0,419	686,19659	2,49856	0,43545
687,77161	2,08585	0,47008	687,77161	2,18434	0,42095	687,77161	2,49753	0,43665
689,34656	2,08437	0,47297	689,34656	2,18272	0,42292	689,34656	2,49652	0,43787
690,92139	2,08293	0,47589	690,92139	2,18112	0,42491	690,92139	2,49553	0,4391
692,49622	2,08152	0,47883	692,49622	2,17955	0,42694	692,49622	2,49457	0,44035
694,07092	2,08015	0,48179	694,07092	2,178	0,42898	694,07092	2,49362	0,44162
695,64557	2,07881	0,48477	695,64557	2,17648	0,43106	695,64557	2,49269	0,44291
697,22015	2,07751	0,48777	697,22015	2,17498	0,43315	697,22015	2,49179	0,44421
698,79462	2,07624	0,4908	698,79462	2,17351	0,43527	698,79462	2,49091	0,44553
700,36908	2,07501	0,49385	700,36908	2,17206	0,43742	700,36908	2,49005	0,44686
701,94342	2,07381	0,49691	701,94342	2,17064	0,43959	701,94342	2,48921	0,44821
703,5177	2,07265	0,5	703,5177	2,16925	0,44178	703,5177	2,48839	0,44958
705,09192	2,07153	0,5031	705,09192	2,16788	0,44399	705,09192	2,48759	0,45096
706,66608	2,07044	0,50623	706,66608	2,16654	0,44623	706,66608	2,48681	0,45235
708,24011	2,06939	0,50937	708,24011	2,16522	0,44848	708,24011	2,48606	0,45376
709,81409	2,06838	0,51253	709,81409	2,16394	0,45076	709,81409	2,48532	0,45518
711,388	2,0674	0,5157	711,388	2,16267	0,45307	711,388	2,48461	0,45662
712,96179	2,06647	0,5189	712,96179	2,16144	0,45539	712,96179	2,48392	0,45806
714,53552	2,06557	0,5221	714,53552	2,16023	0,45773	714,53552	2,48325	0,45953
716,10925	2,06471	0,52533	716,10925	2,15906	0,46009	716,10925	2,4826	0,461
717,6828	2,06388	0,52857	717,6828	2,15791	0,46247	717,6828	2,48197	0,46249
719,25629	2,0631	0,53182	719,25629	2,15678	0,46487	719,25629	2,48137	0,46399
720,82971	2,06236	0,53509	720,82971	2,15569	0,46729	720,82971	2,48078	0,4655
722,40308	2,06166	0,53837	722,40308	2,15463	0,46973	722,40308	2,48022	0,46702
723,97638	2,06099	0,54166	723,97638	2,15359	0,47219	723,97638	2,47968	0,46855
725,5495	2,06037	0,54496	725,5495	2,15258	0,47467	725,5495	2,47916	0,47009
727,12268	2,05979	0,54828	727,12268	2,15161	0,47716	727,12268	2,47866	0,47165
728,69568	2,05925	0,55161	728,69568	2,15066	0,47967	728,69568	2,47818	0,47322
730,26862	2,05875	0,55494	730,26862	2,14974	0,48219	730,26862	2,47772	0,47479
731,84143	2,05829	0,55829	731,84143	2,14885	0,48474	731,84143	2,47729	0,47638
733,41419	2,05787	0,56165	733,41419	2,148	0,48729	733,41419	2,47688	0,47797
734,98694	2,0575	0,56501	734,98694	2,14717	0,48987	734,98694	2,47648	0,47958
736,55951	2,05716	0,56838	736,55951	2,14637	0,49246	736,55951	2,47611	0,48119
738,13202	2,05688	0,57176	738,13202	2,14561	0,49506	738,13202	2,47576	0,48281
739,70447	2,05663	0,57515	739,70447	2,14487	0,49768	739,70447	2,47543	0,48445
741,27679	2,05643	0,57854	741,27679	2,14417	0,50031	741,27679	2,47513	0,48609
742,84906	2,05628	0,58193	742,84906	2,1435	0,50296	742,84906	2,47484	0,48773
744,42127	2,05617	0,58533	744,42127	2,14286	0,50561	744,42127	2,47458	0,48939
745,99335	2,05611	0,58874	745,99335	2,14225	0,50828	745,99335	2,47433	0,49105
747,56537	2,05611	0,59214	747,56537	2,14168	0,51097	747,56537	2,47411	0,49272
749,13733	2,05615	0,59553	749,13733	2,14113	0,51366	749,13733	2,47391	0,4944
750,70911	2,05625	0,59892	750,70911	2,14062	0,51637	750,70911	2,47373	0,49609
752,28088	2,05638	0,60229	752,28088	2,14015	0,51909	752,28088	2,47357	0,49778
753,85248	2,05656	0,60564	753,85248	2,1397	0,52182	753,85248	2,47344	0,49948
755,42407	2,05677	0,60899	755,42407	2,13929	0,52455	755,42407	2,47332	0,50119
756,99548	2,05703	0,61233	756,99548	2,13892	0,5273	756,99548	2,47323	0,5029
758,5669	2,05732	0,61565	758,5669	2,13858	0,53006	758,5669	2,47316	0,50461
760,13818	2,05765	0,61897	760,13818	2,13827	0,53282	760,13818	2,47311	0,50634
761,70935	2,05801	0,62227	761,70935	2,138	0,5356	761,70935	2,47308	0,50807
763,28052	2,05841	0,62556	763,28052	2,13777	0,53838	763,28052	2,47307	0,5098
764,8515	2,05884	0,62883	764,8515	2,13757	0,54117	764,8515	2,47309	0,51154
766,42242	2,05931	0,6321	766,42242	2,13741	0,54396	766,42242	2,47312	0,51328
767,99329	2,05981	0,63535	767,99329	2,13729	0,54676	767,99329	2,47318	0,51503
769,56403	2,06035	0,63859	769,56403	2,13721	0,54957	769,56403	2,47326	0,51678
771,13464	2,06092	0,64181	771,13464	2,13718	0,55237	771,13464	2,47337	0,51854
772,7052	2,06152	0,64502	772,7052	2,13719	0,55517	772,7052	2,47349	0,52029
774,27564	2,06215	0,64822	774,27564	2,13724	0,55796	774,27564	2,47364	0,52206
775,84601	2,06281	0,65141	775,84601	2,13732	0,56074	775,84601	2,47381	0,52382
777,41626	2,0635	0,65458	777,41626	2,13743	0,56351	777,41626	2,474	0,52559
778,98645	2,06423	0,65774	778,98645	2,13757	0,56627	778,98645	2,47422	0,52737
780,55652	2,06498	0,66088	780,55652	2,13775	0,56902	780,55652	2,47446	0,52914
782,1264	2,06577	0,66401	782,1264	2,13796	0,57177	782,1264	2,47473	0,53092
783,69629	2,06658	0,66712	783,69629	2,13819	0,57451	783,69629	2,47502	0,5327
785,26605	2,06742	0,67022	785,26605	2,13846	0,57724	785,26605	2,47533	0,53448
786,83575	2,06829	0,67331	786,83575	2,13875	0,57996	786,83575	2,47568	0,53625
788,40533	2,06919	0,67638	788,40533	2,13907	0,58268	788,40533	2,47605	0,53802
789,97479	2,07012	0,67943	789,97479	2,13941	0,58538	789,97479	2,47645	0,53978
791,54419	2,07107	0,68247	791,54419	2,13979	0,58808	791,54419	2,47687	0,54154
793,11346	2,07205	0,68549	793,11346	2,14019	0,59077	793,11346	2,4773	0,54328
794,68262	2,07306	0,68849	794,68262	2,14061	0,59345	794,68262	2,47776	0,54502
796,25171	2,07409	0,69148	796,25171	2,14106	0,59612	796,25171	2,47824	0,54676
797,82068	2,07515	0,69446	797,82068	2,14154	0,59878	797,82068	2,47873	0,54849
799,38953	2,07624	0,69741	799,38953	2,14204	0,60143	799,38953	2,47925	0,55021
800,95831	2,07735	0,70035	800,95831	2,14256	0,60408	800,95831	2,47978	0,55192
802,52698	2,07849	0,70327	802,52698	2,14311	0,60671	802,52698	2,48032	0,55363
804,09558	2,07965	0,70618	804,09558	2,14368	0,60934	804,09558	2,48089	0,55533
805,664	2,08083	0,70906	805,664	2,14428	0,61195	805,664	2,48147	0,55703
807,23236	2,08204	0,71193	807,23236	2,1449	0,61456	807,23236	2,48207	0,55871
808,8006	2,08327	0,71479	808,8006	2,14554	0,61716	808,8006	2,48268	0,5604
810,36877	2,08453	0,71762	810,36877	2,1462	0,61975	810,36877	2,48331	0,56207
811,93677	2,0858	0,72044	811,93677	2,14689	0,62232	811,93677	2,48395	0,56374
813,5047	2,0871	0,72323	813,5047	2,1476	0,62489	813,5047	2,48461	0,5654
815,07251	2,08843	0,72601	815,07251	2,14833	0,62745	815,07251	2,48529	0,56706
816,64026	2,08977	0,72878	816,64026	2,14908	0,62999	816,64026	2,48598	0,56871
818,20789	2,09114	0,73152	818,20789	2,14985	0,63253	818,20789	2,48668	0,57035
819,77539	2,09253	0,73424	819,77539	2,15064	0,63506	819,77539	2,4874	0,57199
821,34277	2,09393	0,73695	821,34277	2,15146	0,63757	821,34277	2,48813	0,57362
822,91003	2,09536	0,73963	822,91003	2,15229	0,64008	822,91003	2,48887	0,57524
824,47723	2,09681	0,7423	824,47723	2,15315	0,64258	824,47723	2,48963	0,57686
826,04425	2,09828	0,74495	826,04425	2,15402	0,64506	826,04425	2,4904	0,57847
827,61121	2,09977	0,74758	827,61121	2,15491	0,64753	827,61121	2,49119	0,58007
829,17804	2,10128	0,75018	829,17804	2,15583	0,65	829,17804	2,49199	0,58167
830,74481	2,10281	0,75277	830,74481	2,15676	0,65245	830,74481	2,4928	0,58326
832,3114	2,10435	0,75534	832,3114	2,15771	0,65489	832,3114	2,49362	0,58484
833,87793	2,10592	0,75789	833,87793	2,15868	0,65732	833,87793	2,49446	0,58642
835,44434	2,1075	0,76042	835,44434	2,15967	0,65973	835,44434	2,49531	0,58799
837,01062	2,1091	0,76293	837,01062	2,16068	0,66214	837,01062	2,49617	0,58955
838,57678	2,11072	0,76542	838,57678	2,1617	0,66454	838,57678	2,49704	0,59111
840,14288	2,11235	0,76789	840,14288	2,16274	0,66692	840,14288	2,49792	0,59266
841,7088	2,114	0,77033	841,7088	2,1638	0,66929	841,7088	2,49882	0,5942
843,2746	2,11567	0,77276	843,2746	2,16488	0,67165	843,2746	2,49973	0,59574
844,84033	2,11736	0,77517	844,84033	2,16598	0,674	844,84033	2,50065	0,59727
846,40595	2,11906	0,77756	846,40595	2,16709	0,67633	846,40595	2,50158	0,5988
847,97138	2,12077	0,77992	847,97138	2,16822	0,67866	847,97138	2,50252	0,60031
849,5368	2,1225	0,78227	849,5368	2,16936	0,68097	849,5368	2,50347	0,60182
851,10205	2,12425	0,78459	851,10205	2,17052	0,68327	851,10205	2,50444	0,60333
852,66718	2,12601	0,78689	852,66718	2,1717	0,68556	852,66718	2,50541	0,60482
854,23212	2,12778	0,78918	854,23212	2,17289	0,68783	854,23212	2,5064	0,60631
855,79706	2,12957	0,79144	855,79706	2,1741	0,69009	855,79706	2,50739	0,6078
857,36182	2,13137	0,79368	857,36182	2,17533	0,69234	857,36182	2,5084	0,60927
858,92645	2,13319	0,7959	858,92645	2,17657	0,69458	858,92645	2,50941	0,61074
860,49103	2,13502	0,79809	860,49103	2,17782	0,69681	860,49103	2,51044	0,61221
862,05548	2,13686	0,80027	862,05548	2,17909	0,69902	862,05548	2,51148	0,61366
863,61975	2,13871	0,80243	863,61975	2,18038	0,70122	863,61975	2,51252	0,61511
865,1839	2,14058	0,80456	865,1839	2,18168	0,70341	865,1839	2,51358	0,61655
866,74793	2,14246	0,80667	866,74793	2,18299	0,70558	866,74793	2,51465	0,61799
868,31189	2,14435	0,80876	868,31189	2,18432	0,70774	868,31189	2,51572	0,61942
869,87567	2,14625	0,81083	869,87567	2,18566	0,70989	869,87567	2,51681	0,62084
871,43933	2,14816	0,81288	871,43933	2,18702	0,71203	871,43933	2,5179	0,62225
873,00293	2,15009	0,81491	873,00293	2,18839	0,71415	873,00293	2,51901	0,62366
874,56641	2,15202	0,81692	874,56641	2,18977	0,71626	874,56641	2,52012	0,62506
876,1297	2,15396	0,8189	876,1297	2,19117	0,71835	876,1297	2,52124	0,62646
877,69287	2,15592	0,82086	877,69287	2,19257	0,72044	877,69287	2,52237	0,62784
879,25598	2,15788	0,82281	879,25598	2,194	0,72251	879,25598	2,52351	0,62922
880,81897	2,15986	0,82473	880,81897	2,19543	0,72456	880,81897	2,52466	0,6306
882,38171	2,16184	0,82662	882,38171	2,19688	0,7266	882,38171	2,52582	0,63196
883,94446	2,16383	0,8285	883,94446	2,19834	0,72863	883,94446	2,52698	0,63332
885,50702	2,16583	0,83036	885,50702	2,19981	0,73065	885,50702	2,52816	0,63467
887,06946	2,16784	0,83219	887,06946	2,20129	0,73265	887,06946	2,52934	0,63602
888,63171	2,16985	0,834	888,63171	2,20279	0,73464	888,63171	2,53053	0,63736
890,19397	2,17188	0,83579	890,19397	2,20429	0,73662	890,19397	2,53173	0,63869
891,75598	2,17391	0,83756	891,75598	2,20581	0,73858	891,75598	2,53294	0,64001
893,31787	2,17595	0,83931	893,31787	2,20734	0,74053	893,31787	2,53416	0,64133
894,8797	2,17799	0,84104	894,8797	2,20888	0,74246	894,8797	2,53538	0,64264
896,44128	2,18004	0,84274	896,44128	2,21043	0,74438	896,44128	2,53661	0,64394
898,00281	2,1821	0,84443	898,00281	2,21199	0,74629	898,00281	2,53785	0,64524
899,56427	2,18417	0,84609	899,56427	2,21356	0,74818	899,56427	2,5391	0,64652
901,12561	2,18624	0,84773	901,12561	2,21515	0,75006	901,12561	2,54035	0,64781
902,68671	2,18832	0,84935	902,68671	2,21674	0,75192	902,68671	2,54162	0,64908
904,24768	2,1904	0,85095	904,24768	2,21834	0,75378	904,24768	2,54289	0,65035
905,80859	2,19248	0,85253	905,80859	2,21995	0,75561	905,80859	2,54416	0,65161
907,36932	2,19458	0,85408	907,36932	2,22158	0,75744	907,36932	2,54545	0,65286
908,92987	2,19667	0,85562	908,92987	2,22321	0,75925	908,92987	2,54674	0,65411
910,49036	2,19878	0,85713	910,49036	2,22485	0,76104	910,49036	2,54804	0,65534
912,05066	2,20088	0,85863	912,05066	2,2265	0,76283	912,05066	2,54934	0,65658
913,61096	2,20299	0,8601	913,61096	2,22816	0,7646	913,61096	2,55066	0,6578
915,17102	2,2051	0,86155	915,17102	2,22982	0,76635	915,17102	2,55198	0,65902
916,73096	2,20722	0,86298	916,73096	2,2315	0,76809	916,73096	2,5533	0,66023
918,29071	2,20934	0,86439	918,29071	2,23318	0,76982	918,29071	2,55464	0,66143
919,8504	2,21146	0,86578	919,8504	2,23488	0,77153	919,8504	2,55598	0,66262
921,40985	2,21359	0,86715	921,40985	2,23658	0,77323	921,40985	2,55732	0,66381
922,96936	2,21572	0,8685	922,96936	2,23829	0,77491	922,96936	2,55868	0,66499
924,5285	2,21785	0,86983	924,5285	2,24	0,77658	924,5285	2,56004	0,66617
926,08759	2,21998	0,87113	926,08759	2,24173	0,77824	926,08759	2,5614	0,66734
927,64661	2,22212	0,87242	927,64661	2,24346	0,77988	927,64661	2,56277	0,66849
929,20544	2,22426	0,87369	929,20544	2,2452	0,78151	929,20544	2,56415	0,66965
930,76416	2,22639	0,87493	930,76416	2,24695	0,78312	930,76416	2,56554	0,67079
932,32263	2,22853	0,87616	932,32263	2,2487	0,78472	932,32263	2,56693	0,67193
933,88104	2,23068	0,87736	933,88104	2,25046	0,78631	933,88104	2,56833	0,67306
935,43933	2,23282	0,87855	935,43933	2,25223	0,78788	935,43933	2,56973	0,67418
936,99744	2,23496	0,87972	936,99744	2,254	0,78944	936,99744	2,57114	0,6753
938,55548	2,2371	0,88086	938,55548	2,25578	0,79098	938,55548	2,57255	0,67641
940,11328	2,23925	0,88199	940,11328	2,25757	0,79252	940,11328	2,57397	0,67751
941,67102	2,24139	0,8831	941,67102	2,25936	0,79403	941,67102	2,5754	0,67861
943,22864	2,24353	0,88418	943,22864	2,26116	0,79553	943,22864	2,57683	0,67969
944,78601	2,24568	0,88525	944,78601	2,26296	0,79702	944,78601	2,57827	0,68077
946,34326	2,24782	0,8863	946,34326	2,26477	0,7985	946,34326	2,57971	0,68185
947,90039	2,24996	0,88733	947,90039	2,26659	0,79996	947,90039	2,58116	0,68291
949,45734	2,2521	0,88834	949,45734	2,26841	0,8014	949,45734	2,58261	0,68397
951,01416	2,25424	0,88933	951,01416	2,27024	0,80284	951,01416	2,58407	0,68502
952,57092	2,25638	0,8903	952,57092	2,27207	0,80426	952,57092	2,58553	0,68606
954,12744	2,25852	0,89125	954,12744	2,27391	0,80566	954,12744	2,587	0,6871
955,68378	2,26065	0,89219	955,68378	2,27575	0,80705	955,68378	2,58848	0,68813
957,24005	2,26279	0,8931	957,24005	2,27759	0,80843	957,24005	2,58996	0,68915
958,7962	2,26492	0,894	958,7962	2,27944	0,80979	958,7962	2,59144	0,69017
960,35217	2,26705	0,89487	960,35217	2,2813	0,81114	960,35217	2,59293	0,69117
961,9079	2,26918	0,89573	961,9079	2,28316	0,81248	961,9079	2,59443	0,69217
963,46356	2,2713	0,89658	963,46356	2,28502	0,8138	963,46356	2,59592	0,69317
965,01904	2,27343	0,8974	965,01904	2,28689	0,81511	965,01904	2,59743	0,69415
966,5744	2,27555	0,8982	966,5744	2,28876	0,81641	966,5744	2,59894	0,69513
968,12958	2,27766	0,89899	968,12958	2,29064	0,81769	968,12958	2,60045	0,6961
969,68469	2,27978	0,89976	969,68469	2,29252	0,81895	969,68469	2,60197	0,69707
971,23956	2,28189	0,90051	971,23956	2,2944	0,82021	971,23956	2,60349	0,69802
972,79431	2,28399	0,90124	972,79431	2,29629	0,82145	972,79431	2,60502	0,69897
974,34894	2,2861	0,90196	974,34894	2,29817	0,82268	974,34894	2,60655	0,69991
975,90332	2,2882	0,90266	975,90332	2,30007	0,82389	975,90332	2,60808	0,70085
977,45764	2,29029	0,90334	977,45764	2,30196	0,82509	977,45764	2,60962	0,70178
979,01184	2,29239	0,904	979,01184	2,30386	0,82628	979,01184	2,61117	0,7027
980,5658	2,29447	0,90465	980,5658	2,30576	0,82745	980,5658	2,61271	0,70361
982,11963	2,29656	0,90528	982,11963	2,30767	0,82861	982,11963	2,61427	0,70452
983,67322	2,29864	0,90589	983,67322	2,30957	0,82976	983,67322	2,61582	0,70541
985,22675	2,30071	0,90649	985,22675	2,31148	0,83089	985,22675	2,61738	0,70631
986,78015	2,30278	0,90707	986,78015	2,31339	0,83201	986,78015	2,61895	0,70719
988,33337	2,30485	0,90763	988,33337	2,31531	0,83312	988,33337	2,62052	0,70807
989,88641	2,30691	0,90818	989,88641	2,31722	0,83421	989,88641	2,62209	0,70894
991,43927	2,30896	0,90871	991,43927	2,31914	0,83529	991,43927	2,62366	0,7098
992,992	2,31101	0,90922	992,992	2,32106	0,83636	992,992	2,62524	0,71065
994,54462	2,31306	0,90972	994,54462	2,32298	0,83741	994,54462	2,62683	0,7115
996,09699	2,31509	0,9102	996,09699	2,3249	0,83845	996,09699	2,62841	0,71234
997,64929	2,31713	0,91067	997,64929	2,32682	0,83948	997,64929	2,63	0,71318
999,20136	2,31916	0,91112	999,20136	2,32875	0,8405	999,20136	2,6316	0,714
			997,64929			997,64929		
			999,20136			999,20136		