Environnement : Air / n = 1 
Cube : Argent / n(lambda) / 70 nm
Gap diélectrique / n = 1.45 / 1-10 nm
Fonctionnalisation diélectrique / n = 1.45 / 1 nm
Couche métallique : Or / n(lambda) / 20 nm
Substrat : SiO2 / n = 1.5 / 200 nm

Wavelengths (nm) 	 R_gap1_mol	 R_gap1_nomol	 R_gap2_mol	 R_gap2_nomol	 R_gap3_mol	 R_gap3_nomol	 R_gap4_mol	 R_gap4_nomol	 R_gap5_mol	 R_gap5_nomol	 R_gap10_mol	 R_gap10_nomol
1000.0, 0.5379716248161306	,0.15565244022147498	,0.2665302094337151	,0.2840711333237091	, 0.27146956985071224	 0.25062231481146946	 0.24656836797433662	 0.3314621285381238 
1016.1616161616162, 0.5516842379530186	,0.25804372502971473	,0.39223251402486414	,0.42405435718967727	, 0.43773653567159837	 0.44527622446035964	 0.4499365100866301	 0.45300021602488616 
1032.3232323232323, 0.5649779742116702	,0.2621876141291541	,0.3993825001336555	,0.4324851669283839	, 0.4464548482707327	 0.4540011184275335	 0.45857500480764074	 0.46152792433678175 
1048.4848484848485, 0.5776624532025973	,0.23191690296854914	,0.3654725093126711	,0.39574242830792594	, 0.40685336419818674	 0.4115336484317544	 0.4132139492836782	 0.4131877984024862 
1064.6464646464647, 0.5898146374377755	,0.4288732397152966	,0.21172185689151238	,0.2810762386260218	, 0.3151317974305888	 0.33085578131043625	 0.3377910810785303	 0.33981572423728085 
1080.8080808080808, 0.6013608984715264	,0.25290185161317696	,0.3095597433943815	,0.3729622291500188	, 0.3999114614340153	 0.4143736136876134	 0.4233130562680597	 0.4293538166357878 
1096.969696969697, 0.6115292880757294	,0.2079899520772519	,0.34144014397935135	,0.39203414266599557	, 0.412862025013857	 0.42357071703465665	 0.42971279238673843	 0.4333932092020925 
1113.1313131313132, 0.6192865302445649	,0.34946472323443367	,0.4412581959733012	,0.4673719632974196	, 0.47980359365739766	 0.4870721034827793	 0.491775689139371	 0.49499751625374194 
1129.2929292929293, 0.6236855426547832	,0.21869612318587006	,0.3253070259568669	,0.3399410364797073	, 0.3334440765167654	 0.337560827218441	 0.41851199880442935	 0.7227598217291694 
1145.4545454545455, 0.6237598046223894	,0.23025424483196275	,0.33931320041127955	,0.3861509660029291	, 0.4071886195913463	 0.4183190232593455	 0.4246975187745342	 0.42841516032298205 
1161.6161616161617, 0.6168077447153576	,0.2500919802707028	,0.34826260865593245	,0.3689942507465258	, 0.3683921305252431	 0.36176091790350223	 0.36236876224097536	 0.3963922365237628 
1177.7777777777778, 0.5984130427538954	,0.25835849835781705	,0.3473358085040179	,0.36629655931636995	, 0.36423804558299666	 0.3560682544933557	 0.35595728496052487	 0.39346283611498045 
1193.939393939394, 0.5643392019066735	,0.36253180281217845	,0.45676202830120083	,0.48853552613405726	, 0.5040912798997295	 0.5132304976563484	 0.5191595075242973	 0.5232455068121803 
1210.1010101010102, 0.5132106299484576	,0.38874261518960146	,0.4643307375835422	,0.49016839930228556	, 0.5033172325598139	 0.5114513876619823	 0.5170577319311861	 0.5212003096971467 
1226.2626262626263, 0.4491384265411742	,0.43078475521255555	,0.46237539490538454	,0.46516015268174293	, 0.4596498401226005	 0.4508753530036708	 0.44316483005731344	 0.44453924666465233 
1242.4242424242425, 0.38018364104698754	,0.4643904944542235	,0.5043744716742722	,0.5185715662743211	, 0.5261974267142102	 0.531144457258098	 0.5347097413771913	 0.5374485080365189 
1258.5858585858587, 0.3190950944700077	,0.4527779703140575	,0.4993928213407359	,0.5157374122731725	, 0.5241116207810246	 0.5292583554528102	 0.5327874579697073	 0.5353837333485543 
1274.7474747474748, 0.2798803482171262	,0.45997736875706713	,0.5051283857667315	,0.5216303595149234	, 0.5303019326668056	 0.5357479069791717	 0.5395539591056681	 0.5424047488126023 
1290.909090909091, 0.26695971412113456	,0.5106656816770293	,0.5360083287806615	,0.5452466531747875	, 0.5502401031965263	 0.5534834422083599	 0.555823414924898	 0.5576268978585662 
1307.0707070707072, 0.27448932976744594	,0.5065258408969465	,0.5236989946406315	,0.5262906995601141	, 0.5244820856186645	 0.5204830119839198	 0.5152490704985433	 0.5095770526528278 
1323.2323232323233, 0.293366517266086	,0.5280599279122042	,0.5540260105993119	,0.5640458043246824	, 0.5694390109598771	 0.57277815141914	 0.5749990063899476	 0.5765389780564903 
1339.3939393939395, 0.3167137940866575	,0.4739805108262287	,0.5166080956860712	,0.5352933777722534	, 0.5458857268186578	 0.5527998934501206	 0.5577299308753632	 0.561460497565736 
1355.5555555555557, 0.34146433126289855	,0.541767364407496	,0.5598263543682849	,0.5665262119675614	, 0.5701056467717369	 0.5723824523658207	 0.5739901877231969	 0.5752078787423782 
1371.7171717171718, 0.3663479903663116	,0.5349497958652456	,0.5549897698334768	,0.5624625443424198	, 0.5663271186061176	 0.5686703821753072	 0.5702275974740306	 0.5713263394213262 
1387.878787878788, 0.39028560233279064	,0.5429455492157778	,0.5610954319632858	,0.5672058965915293	, 0.5697282022234981	 0.5706578577919861	 0.5707092760302068	 0.5702031395716185 
1404.0404040404042, 0.4125616682447905	,0.5493477965123482	,0.5669502471100378	,0.5729979336703941	, 0.5755410636655685	 0.5765220636937954	 0.5766381393905029	 0.5762025615279303 
1420.2020202020203, 0.43291112620628286	,0.5392345583084464	,0.5593203446043834	,0.5671473738825068	, 0.5709099660107687	 0.57279534287386	 0.5736338836105181	 0.5738071139660708 
1436.3636363636365, 0.45132329641047514	,0.5693084939042222	,0.5892127126526827	,0.597574472775312	, 0.6022239920100815	 0.6051712603502172	 0.6071818336657809	 0.6086155870330193 
1452.5252525252527, 0.467914508012091	,0.5761208774463112	,0.5918976243777226	,0.5983507390957962	, 0.601952992412025	 0.6043034398660564	 0.6059875832811885	 0.6072714090410989 
1468.6868686868688, 0.4829245733828306	,0.5804898443120804	,0.5952287169757708	,0.601273412670499	, 0.604641507871927	 0.6068380613503621	 0.6084144700028521	 0.6096205012806304 
1484.848484848485, 0.4967047619136025	,0.5770155041975819	,0.5868851410995716	,0.5882367943499958	, 0.5868298708829274	 0.5847578092405705	 0.5841235534682412	 0.5883922077494674 
1501.0101010101012, 0.5095338076206852	,0.5861994074678353	,0.6049946554374263	,0.6135002381183747	, 0.6183057061332283	 0.6213390812570139	 0.6233832125010532	 0.6248201838000126 
1517.1717171717173, 0.5215147771688843	,0.5809822065548994	,0.5900309573529804	,0.5911707110808736	, 0.5898484465247908	 0.5887506171979928	 0.5913839067468915	 0.6039728533201755 
1533.3333333333335, 0.5326823380054788	,0.6040998246802628	,0.6161924963420464	,0.6213143727915383	, 0.6242213514553272	 0.6261400571086201	 0.627528230635756	 0.6285951954173288 
1549.4949494949497, 0.5430830668659997	,0.5957380368940363	,0.6055807291109682	,0.6082298468263719	, 0.6083829713686373	 0.6076863983912997	 0.6074028290778505	 0.6092228599337828 
1565.6565656565658, 0.552779494689877	,0.6150695029886195	,0.6271035258429162	,0.6324445483026979	, 0.6355535776986059	 0.6376232940049247	 0.6391108517645383	 0.6402324147098746 
1581.818181818182, 0.5618323057893901	,0.615752107122882	,0.6231573282766413	,0.62477846436126	, 0.6245351788604462	 0.6237327074430572	 0.6234070629596301	 0.6249998834681296 
1597.9797979797981, 0.5702934564938545	,0.6214504372985068	,0.6345967968867541	,0.6406567612518584	, 0.6441299096660196	 0.6463536909624921	 0.6478724347498611	 0.6489536582523009 
1614.1414141414143, 0.5782139035343521	,0.6274416676893935	,0.6345286751679163	,0.6365251268686296	, 0.6368488049144446	 0.6364549089047821	 0.6358323090021534	 0.6354205986187859 
1630.3030303030305, 0.5856592336257898	,0.6389225604940606	,0.6490491684795038	,0.6532684125000027	, 0.6555032185918516	 0.6568258305947549	 0.6576577370420977	 0.6582008521475665 
1646.4646464646466, 0.5927209534617148	,0.63144460667174	,0.6376490063097505	,0.6389602904325935	, 0.6389420319855627	 0.6393981492292652	 0.6426213067998157	 0.6524701809737782 
1662.6262626262628, 0.5994899397244101	,0.636689001122724	,0.6482168004370695	,0.6538982630348749	, 0.6572693561379481	 0.6594753132269857	 0.661006526930896	 0.6621113822312945 
1678.787878787879, 0.6060115201867424	,0.6395482200544088	,0.6479786892875009	,0.6516747604303246	, 0.6536476530978564	 0.6547937046530471	 0.6554753512455844	 0.6558675354436491 
1694.9494949494951, 0.6122859055702259	,0.645878690863414	,0.6518696065954493	,0.6535958731480126	, 0.6539577800374841	 0.6540250114873928	 0.6546725518167353	 0.657087444180937 
1711.1111111111113, 0.6183048984230979	,0.6553365948038636	,0.6641606020191703	,0.6681560745947731	, 0.6704266798948647	 0.6718723667127282	 0.6728546744913094	 0.6735497906311446 
1727.2727272727275, 0.624074938288446	,0.6515286436346387	,0.6589040117444503	,0.6621534940227018	, 0.6638532941865015	 0.6647982810469928	 0.6653166276216494	 0.6655715369604751 
1743.4343434343436, 0.629607907543765	,0.6596777333015961	,0.6684780355302196	,0.6727145329705714	, 0.6752054036678143	 0.6768346323165098	 0.6779703134548455	 0.6787962818570366 
1759.5959595959598, 0.6349179089357212	,0.6627733519681965	,0.6706617710892824	,0.6745211752478791	, 0.6768634635236901	 0.6784575660876085	 0.6796195565850317	 0.6805047715110711 
1775.7575757575758, 0.6400173670054032	,0.6663687201247461	,0.674427674026854	,0.6784070061389476	, 0.6807941828995316	 0.6823838680004012	 0.6835108609091819	 0.6843432348076892 
1791.919191919192, 0.6449173671775208	,0.670687578095927	,0.6778787421337901	,0.6813240277196032	, 0.6833740933863733	 0.6847477380218059	 0.6857390357974891	 0.6864910643543317 
1808.080808080808, 0.6496289262375977	,0.6719081780049863	,0.6789316670277654	,0.6824446352340977	, 0.6845866090646641	 0.6860481231486086	 0.6871191728651852	 0.6879434627508266 
1824.2424242424242, 0.654164466817956	,0.6734875716645524	,0.6809486875020085	,0.6849932459340854	, 0.6875541983396155	 0.6893209378611692	 0.6906083635714017	 0.691581834057254 
1840.4040404040404, 0.6585387596234267	,0.6755970357217438	,0.6808686410564224	,0.6832497169530568	, 0.6844812395495632	 0.685158374423788	 0.6855601188925611	 0.6858584843387543 
1856.5656565656566, 0.6627694210860791	,0.6863715712869344	,0.6924664011085719	,0.6953409871023344	, 0.6970291434906426	 0.6981363154896668	 0.6989103893185381	 0.6994738179357824 
1872.7272727272727, 0.6668754029982578	,0.6893604588804296	,0.6956060917172492	,0.6985336783525623	, 0.7002130192596054	 0.7012833328347231	 0.7020096659861272	 0.7025229224397185 
1888.888888888889, 0.6708713706393918	,0.687418638576104	,0.692247671352358	,0.6944430800288057	, 0.6956356758368701	 0.6963566560897781	 0.6968482028614421	 0.6972519066941952 
1905.050505050505, 0.674763986853569	,0.6896213344599604	,0.6939152036290339	,0.6957563217922546	, 0.6966887412032838	 0.6972857013397321	 0.6978939670355974	 0.6988371628995327 
1921.2121212121212, 0.6785546889441452	,0.693059235151306	,0.6972042642245816	,0.6989842253760282	, 0.6999006052845673	 0.7005056485282903	 0.7011337890176488	 0.7021014856945209 
1937.3737373737374, 0.6822437009749924	,0.6998572080542285	,0.7052201263701073	,0.7078500747870478	, 0.7094213671723363	 0.7104674214201987	 0.711212217012033	 0.7117673059162356 
1953.5353535353536, 0.6858316414120555	,0.7046381207859356	,0.7094124801540902	,0.7116290699530695	, 0.7129159435436339	 0.7137539178730318	 0.7143377062054281	 0.7147623558256034 
1969.6969696969697, 0.6893201344963634	,0.7076953941400175	,0.7123067902376947	,0.7144229548539263	, 0.7156418514270787	 0.7164326899902027	 0.716984052455112	 0.7173869425534545 
1985.858585858586, 0.6927119362392228	,0.7068745587860744	,0.7100164866416837	,0.7112722463937439	, 0.7121430749302791	 0.71341454338283	 0.7159574737040568	 0.7210462481197738 
2002.020202020202, 0.6960103956494924	,0.7115111374071025	,0.714850764707201	,0.7162435770525399	, 0.7169880963399774	 0.7174641168145249	 0.7178373183385964	 0.7182080808851694 
2018.1818181818182, 0.6992191358569884	,0.7175724876702765	,0.7210781930292731	,0.7225745978937708	, 0.7234089157685217	 0.723942476145549	 0.7243133832439687	 0.7245857799671629 
2034.3434343434344, 0.7023422314432389	,0.7203429534235714	,0.7239246844994336	,0.7254470280857126	, 0.726277605610707	 0.7267901602564286	 0.7271291787579199	 0.7273631237044943 
2050.5050505050503, 0.7053839190143486	,0.7198971492029497	,0.7232657664629529	,0.724729844821285	, 0.7255293321803067	 0.7260242835310627	 0.7263606968154416	 0.7266121741833278 
2066.666666666667, 0.7083476467541521	,0.7240330069871042	,0.7277695397339468	,0.7294224032241781	, 0.7303383503867474	 0.7309083803020852	 0.7312879387179643	 0.7315516988473384 
2082.8282828282827, 0.7112356529679605	,0.7264259594834187	,0.7300415868018059	,0.7316380080509289	, 0.732521474524722	 0.7330704657120591	 0.7334355072725866	 0.7336889936642217 
2098.9898989898993, 0.7140497404899551	,0.7277455121961682	,0.7304673091665803	,0.731703294470052	, 0.7326377326572543	 0.7337678799618614	 0.7355485862402792	 0.7385807062956155 
2115.151515151515, 0.7167924854661188	,0.7305001389171346	,0.733829941366674	,0.7353241003280275	, 0.7361691317624617	 0.7367104006054278	 0.7370851532535844	 0.737358712958872 
2131.3131313131316, 0.7194679553789631	,0.7329825371255938	,0.7362416706167563	,0.7376970289606597	, 0.7385143491367032	 0.7390324578142601	 0.7393860813698353	 0.7396395137187097 
2147.4747474747473, 0.7220816965913196	,0.7315847126339283	,0.7352573158746267	,0.7372177303685601	, 0.7384364880199086	 0.7392658004351624	 0.7398648824425474	 0.7403162768224542 
2163.636363636364, 0.7246399963054151	,0.7312611267725078	,0.7340210200807624	,0.7355665111604532	, 0.7365886583347453	 0.7373639538655953	 0.7380364397200493	 0.7387007035994698 
2179.7979797979797, 0.7271485071733217	,0.7376493040191571	,0.7410106768199592	,0.7426550256716371	, 0.7436212871316341	 0.7442517937029559	 0.7446918202856198	 0.7450137761585339 
2195.9595959595963, 0.7296109164768162	,0.7391762716938513	,0.7424815009781258	,0.744157815195586	, 0.745167351021249	 0.7458382683774711	 0.7463136322015574	 0.7466662105412608 
2212.121212121212, 0.7320285642113513	,0.7402391618579675	,0.743359153279809	,0.7450195978441362	, 0.7460553928034793	 0.7467658956377919	 0.7472849137674304	 0.7476812209262306 
2228.2828282828286, 0.7344011068225698	,0.7433861909639715	,0.7465440991430159	,0.7481545556107106	, 0.7491249242434512	 0.7497684070695543	 0.7502222197241039	 0.7505558480977842 
2244.4444444444443, 0.7367275930358528	,0.7428791575279886	,0.7451540587076178	,0.7463214204995452	, 0.7470491722297222	 0.7476088166608569	 0.7481627256832191	 0.7488478555344674 
2260.606060606061, 0.7390073517409559	,0.7470067046523436	,0.7500563345028192	,0.7516542804975844	, 0.7526252425283818	 0.7532686203867687	 0.7537196513914053	 0.7540485150759026 
2276.7676767676767, 0.7412404043431299	,0.7483621670759127	,0.7508141838641862	,0.7522362554770534	, 0.7534523074252963	 0.7548887858892482	 0.75694629006599	 0.7601320195964724 
2292.9292929292933, 0.7434273923684248	,0.7511511090789721	,0.7536985439115639	,0.7550348152302481	, 0.7559236611292025	 0.7566274843805916	 0.757271123872152	 0.7579321781480176 
2309.090909090909, 0.7455692543994655	,0.7529227955723206	,0.7557202309713859	,0.7571846802902291	, 0.7580750723817763	 0.7586663034910627	 0.7590823342575479	 0.759387336781365 
2325.2525252525256, 0.7476669789553826	,0.7558067904135877	,0.7583922747837363	,0.759638694972356	, 0.7603591560066016	 0.7608211621136316	 0.7611383630100707	 0.7613668853161495 
2341.4141414141413, 0.7497216015801271	,0.7563070574302377	,0.7586926795266342	,0.7599927827427201	, 0.7608768176633597	 0.7615860963545816	 0.7622390441541717	 0.7629102963909914 
2357.575757575758, 0.7517343558233457	,0.7580539496389982	,0.7605825598045597	,0.7619405330512702	, 0.7627823258214796	 0.7633513608074913	 0.7637589965283078	 0.7640634482638089 
2373.7373737373737, 0.7537067676884304	,0.7610751970198085	,0.7635674865074045	,0.7647809567788214	, 0.7654776963968946	 0.7659177067883978	 0.7662134078699141	 0.7664209791454292 
2389.8989898989903, 0.7556405540270832	,0.7632828966027827	,0.7655275329068829	,0.7665776210813673	, 0.7671735804850421	 0.7675501147553594	 0.7678049937440186	 0.7679859966057405 
2406.060606060606, 0.7575373525073928	,0.7642265379539384	,0.7663931821123338	,0.7675055510658348	, 0.7682152262833745	 0.7687370203476149	 0.7691649172587903	 0.7695487959018601 
2422.2222222222226, 0.7593984551445768	,0.7648052488458189	,0.7669760599401765	,0.7681452683132028	, 0.7688730089426323	 0.7693672447442759	 0.76972346388035	 0.769991742935036 
2438.3838383838383, 0.7612247236061725	,0.7664763577144093	,0.7685893753374382	,0.7697283090189374	, 0.770437323241507	 0.7709188240479	 0.7712659435036546	 0.7715273727099885 
2454.545454545455, 0.7630167209803582	,0.7669974792329375	,0.7687121964536555	,0.7698460420221187	, 0.7709188908388446	 0.7722568112271992	 0.774200490545708	 0.7771921510511439 
2470.7070707070707, 0.7647749455291825	,0.7707395331107972	,0.7730134943255945	,0.7741246165096239	, 0.7747416457650461	 0.7751138188145013	 0.7753523088887727	 0.7755124718795313 
2486.8686868686873, 0.7665000238902154	,0.7730256903997166	,0.7751030726115107	,0.7760388477475979	, 0.7765355123769102	 0.7768265642536297	 0.7770092835078823	 0.77712999423042 
2503.030303030303, 0.7681927907920165	,0.7744804166569822	,0.776248518600084	,0.7770831579511535	, 0.7775683548346212	 0.7778840078701251	 0.7781046601878663	 0.778266701099363 
2519.1919191919196, 0.7698542635112283	,0.7760701639606561	,0.777797875685346	,0.778611435707678	, 0.7790838181307901	 0.7793907464342037	 0.7796049655038358	 0.7797618817538857 
2535.3535353535353, 0.7714855652364063	,0.7773705106252654	,0.7792124810885909	,0.7800796729679756	, 0.7805686785253383	 0.7808741450241475	 0.7810781607362647	 0.781220857256395 
2551.5151515151515, 0.7730878513723439	,0.7778605067119335	,0.779548173793618	,0.7804211712018575	, 0.7809590931654823	 0.7813254585731055	 0.7815924226228097	 0.7817963588464053 
2567.6767676767677, 0.7746622586381613	,0.7804533300736204	,0.7821575950970515	,0.7829463449298728	, 0.7833871007880494	 0.7836603912823029	 0.7838416560250469	 0.7839675762288166 
2583.838383838384, 0.7762098667795407	,0.7824053796168502	,0.7839557337879064	,0.7846259591687101	, 0.7849833401592972	 0.7851965125227252	 0.785332971275762	 0.7854245701230034 
2600.0, 0.7777316658749118	,0.7823028280456562	,0.7838956264765784	,0.7847134539909503	, 0.7852138875433117	 0.7855526475223925	 0.7857978601063422	 0.7859835266543311 
