Environnement : Air / n = 1 
Cube : Argent / n(lambda) / 70 nm
Gap diélectrique / n = 1.45 / 3 nm
Fonctionnalisation dielectrique / n = 1.45 / 1 nm
Couche métallique : Or / n(lambda) / 0-100 nm
Substrat : SiO2 / n = 1.5 / 200 nm

Wavelengths (nm) 	 R_gold0_mol	 R_gold0_nomol	 R_gold10_mol	 R_gold10_nomol	 R_gold20_mol	 R_gold20_nomol	 R_gold30_mol	 R_gold30_nomol	 R_gold40_mol	 R_gold40_nomol	 R_gold50_mol	 R_gold50_nomol	 R_gold100_mol	 R_gold100_nomol
400.0, 0.153257452793221	, 0.1613196776087887	, 0.17127184575434867	,0.17547510434684035	,0.2221429999268995	,0.22394374761022576	,0.26131417609715957	,0.2615946087964787	,0.28329218215524155	, 0.2828848323879188	 0.292156552129257	 0.2916266070111895	 0.28855543542804674	 0.2885571748932511
408.0402010050251, 0.13334434315183066	, 0.14215198512222235	, 0.16847190251508454	,0.17201748498344707	,0.2261288449882243	,0.2275008710720398	,0.26695426516646953	,0.2669912175091204	,0.28810777924690684	, 0.2875789685243391	 0.29544199422219775	 0.29485838115453783	 0.28871734728194387	 0.28872024938510327
416.08040201005025, 0.1186045283993477	, 0.12918684521810017	, 0.1613796852755933	,0.1647055845686639	,0.22412153893206183	,0.2252977018922971	,0.26780740436735095	,0.26769189404721727	,0.2899035392961872	, 0.2892610372926739	 0.2970287797510914	 0.29636504965036214	 0.28789194424259273	 0.2878939170254661
424.1206030150754, 0.11025584108953508	, 0.1221411016402635	, 0.15340484362332787	,0.15677880757796753	,0.21900881770512529	,0.220202375826982	,0.26552630481620565	,0.2653912314609048	,0.28942943757155176	, 0.2887334870576682	 0.29725411707967797	 0.29652353634550477	 0.2865743345628548	 0.2865706218740408
432.1608040201005, 0.10757114845928695	, 0.12009182440290661	, 0.14601519352557435	,0.14953046848572296	,0.2125594001392266	,0.21389520306684567	,0.2614634739975478	,0.26141286146137066	,0.2875621856494423	, 0.28687739667086837	 0.29670898692890346	 0.2959401724828619	 0.28537928485590763	 0.28536387608516695
440.2010050251256, 0.11026773571836948	, 0.12326074041620098	, 0.1398012446823645	,0.1435165093783809	,0.20577974817485284	,0.20735002486087797	,0.25659934168154747	,0.2567197675388204	,0.2851010914613524	, 0.2844893803101734	 0.29604653220391275	 0.29527364773461634	 0.28502155560057196	 0.2849872693513639
448.24120603015075, 0.12368799312157182	, 0.13780462522723835	, 0.1353981832478676	,0.13940061266420606	,0.19918230690558966	,0.2011000018239988	,0.2515523739655952	,0.25194408783392497	,0.28270859330256154	, 0.28224200924634535	 0.2959141591095016	 0.2951822791586465	 0.2863048094958394	 0.28624386483029296
456.2814070351759, 0.14966364185666317	, 0.15488553072488054	, 0.1378377405943924	,0.14148743969331717	,0.19622365091006952	,0.1983838514640417	,0.24789339901857085	,0.24863898877255008	,0.281076547410311	, 0.2808614762826119	 0.2968551520187129	 0.29623641203669754	 0.29010891439345293	 0.2900149964617425
464.321608040201, 0.14476028633221175	, 0.14053164969948978	, 0.13662619709719837	,0.13953339996490283	,0.19401353057921503	,0.19623245004626264	,0.2462448953884848	,0.2472711781375263	,0.2814545097571758	, 0.281513720279733	 0.2998305499484457	 0.2993827562372507	 0.29735384688522176	 0.29722506294146217
472.3618090452261, 0.1351309783085108	, 0.12480444632044123	, 0.13425698138711306	,0.13620497654646643	,0.19235821383661028	,0.19449900696988945	,0.24626190003551782	,0.24751210360085865	,0.28408171997030945	, 0.2844213915057553	 0.3054212887951572	 0.3051864582255916	 0.30892857646704075	 0.3087700096751618
480.40201005025125, 0.12349719164183122	, 0.11005450536602082	, 0.13084158084372705	,0.13183615923985345	,0.1912488608483813	,0.19322512951244175	,0.24806126411374158	,0.24947545383350606	,0.28929416381799966	, 0.28990076452782443	 0.31411803328309357	 0.3141207998273528	 0.32556438291652307	 0.32538834513334125
488.4422110552764, 0.1116179766394242	, 0.09706550263285159	, 0.12656239264416186	,0.12681857333918503	,0.190695282505648	,0.19253134307268086	,0.25172709021060236	,0.2532894544121407	,0.29731807306862745	, 0.29818450923426604	 0.3262499776295118	 0.3265077388773887	 0.3476681460058994	 0.34749344768016033
496.4824120603015, 0.10048863492830948	, 0.08594521237698403	, 0.12181555275378186	,0.12163929259813681	,0.1908871439946221	,0.19270027818594543	,0.2574079378982336	,0.2591571102164069	,0.3083168695895214	, 0.30945448498303846	 0.34198329891362855	 0.342511435538429	 0.3751653863736171	 0.3750144503808943
504.5226130653266, 0.09050052494959604	, 0.07653302296490419	, 0.11705129394210631	,0.1167488186705162	,0.19215026489560855	,0.19411056324530399	,0.26531598305685394	,0.26733464577006055	,0.32239196048058133	, 0.3238314969699529	 0.36130548031201704	 0.36211808634290227	 0.4074178515272675	 0.4073109931407591
512.5628140703518, 0.08173175331480652	, 0.06858851849954314	, 0.1126467384166632	,0.11246517372731495	,0.1948504798856456	,0.19713244058664217	,0.2756733020923191	,0.2780629296915775	,0.3395460996207649	, 0.3413302940640731	 0.38399417917423995	 0.38510382773382534	 0.44326364962285636	 0.44321362551358706
520.6030150753769, 0.07412173110449839	, 0.06187074644176282	, 0.10885792110690579	,0.10895322048179636	,0.19931189102810834	,0.20204431944677584	,0.28865423118182737	,0.29149327637189054	,0.35965459854519033	, 0.36181546542967447	 0.40961404933441714	 0.4110243167309379	 0.4811901131160057	 0.4812001672867071
528.643216080402, 0.0675516177290873	, 0.056166703532350426	, 0.10581807573191172	,0.10625492507387325	,0.20575108168716486	,0.20898362745249527	,0.30431525719437763	,0.3076144965194307	,0.38243856622576317	, 0.3849632431709734	 0.43754665744590915	 0.4392335031089649	 0.5195937356907047	 0.5196583968443004
536.6834170854271, 0.06188545835337866	, 0.051297647270723536	, 0.10355511145932392	,0.10433350359548726	,0.21422997419492104	,0.21792694092926643	,0.32250565532983355	,0.32618314571578966	,0.4074181675481646	, 0.4102249955489634	 0.4670196827637767	 0.4689148119951783	 0.5570349629646133	 0.5571414732549387
544.7236180904522, 0.05699188941308302	, 0.04711738703283142	, 0.10202071839826864	,0.10313071149392036	,0.22464046235741403	,0.22871428099498334	,0.34279898736484105	,0.3467026990533076	,0.4338799840107718	, 0.43683397538847696	 0.4971393195953932	 0.4991390586366701	 0.5924061655703958	 0.5925371041201807
552.7638190954774, 0.05275184906100685	, 0.04350771780007815	, 0.10118525499994055	,0.10269982680435169	,0.2367945864603616	,0.24122153734181453	,0.3645607631256513	,0.3685870859368587	,0.4609616217922878	, 0.4639655067998994	 0.526992292984348	 0.5290174178762697	 0.6249914730660445	 0.6251309768207823
560.8040201005025, 0.049064313815123495	, 0.040372564575735556	, 0.10120993824360733	,0.10329820006241852	,0.25067178646804705	,0.2555499122860024	,0.38722079981163926	,0.3913964578323258	,0.4879167575110602	, 0.4909858604974976	 0.5558632821536972	 0.5579135291087496	 0.6544465602129558	 0.6545872089975544
568.8442211055276, 0.0458418857974798	, 0.03763525377478114	, 0.10238158393697368	,0.10515620197200834	,0.2663148127500967	,0.271643625170687	,0.41023733813228824	,0.4145458218108533	,0.5142264089006279	, 0.5173898962674274	 0.5833434242482951	 0.5854384995395208	 0.6807234830073475	 0.6808636940810258
576.8844221105528, 0.043014086424883406	, 0.035232237846033715	, 0.10479334100479774	,0.1082164229847107	,0.28321095285579967	,0.2886812565219588	,0.4327029176989817	,0.43698720173500993	,0.53950406080765	, 0.5427356920093646	 0.6092045188748333	 0.6113272351536096	 0.7039643690362177	 0.704102474144764
584.9246231155779, 0.04051865256324758	, 0.03311311691738953	, 0.10828638432153916	,0.11221582884649937	,0.30005672767731595	,0.3050013648133404	,0.4538015584225689	,0.4579299992271465	,0.5636227710068294	, 0.5668688619534241	 0.6333049622267583	 0.6354127177375768	 0.7244142486888812	 0.7245480899755792
592.964824120603, 0.03830899078972908	, 0.03123556908820093	, 0.11260692171096146	,0.11680428680136436	,0.31502451927281283	,0.318471616463417	,0.47372126427843914	,0.47763153647385037	,0.5865854818395637	, 0.5897131378946029	 0.655539112276236	 0.6575435094128128	 0.7423664759524701	 0.7424922480327592
601.0050251256281, 0.0363399231556664	, 0.02956456458666684	, 0.11744935926082059	,0.12153449713748787	,0.3265487579091137	,0.327802049779599	,0.49320392143356245	,0.4966296101842338	,0.6081931434181893	, 0.6108555835246016	 0.6757998418653386	 0.6774772562634485	 0.7581237890871381	 0.7582308949994854
609.0452261306532, 0.03458015135721967	, 0.028072897633650708	, 0.1224159691294716	,0.12581516033612497	,0.3348296514091674	,0.33436964164640437	,0.5122702564325826	,0.5144084254887358	,0.6279826663596589	, 0.6293822947895129	 0.6939273022357431	 0.6947500204936388	 0.7719704399651692	 0.7720315938482447
617.0854271356784, 0.03300085730998282	, 0.02673476979738764	, 0.12695647488372516	,0.12900942616989575	,0.3421623747338848	,0.34150016274483586	,0.5298811113698113	,0.5296603068098735	,0.6451767292988092	, 0.6443205043872993	 0.7095886182674626	 0.7089137532395622	 0.7841530944808246	 0.7841322354442734
625.1256281407035, 0.031574710898013565	, 0.02553097813279626	, 0.13046895701025266	,0.130826721624509	,0.35087034240369647	,0.3515861790328811	,0.5447084532676741	,0.5430088997302186	,0.6590564680498123	, 0.6569596866724621	 0.7225001920939347	 0.7210486965498264	 0.7948866829137635	 0.7948156342524165
633.1658291457286, 0.030286727979865362	, 0.024445796311200068	, 0.13260873916543914	,0.13178790257781056	,0.3619042818598711	,0.3651861857918436	,0.5575136083625294	,0.5578411773079925	,0.6708970553823538	, 0.6705463749811031	 0.7336605256840025	 0.7333195480848551	 0.8044144964086418	 0.804387404161794
641.2060301507538, 0.029118507656983494	, 0.023462732521932584	, 0.13370483726309212	,0.13314108590453044	,0.37558095556502874	,0.38142435088184523	,0.5716739802616524	,0.5748078721450162	,0.6836168674850019	, 0.6852750118822047	 0.744949430094272	 0.7458081205428141	 0.8129921349901159	 0.8130186526335553
649.2462311557789, 0.028052054012408612	, 0.022570011390141233	, 0.13485816235043196	,0.13600722918897626	,0.39157683525454423	,0.39869605944409287	,0.5878935336071969	,0.5921059063535162	,0.6973971630218349	, 0.699715750910066	 0.756445466234822	 0.7576794131527674	 0.820764372110995	 0.8208088174687415
657.286432160804, 0.027079547413419735	, 0.021759156762541473	, 0.13725504330596944	,0.1406961022444449	,0.40860395860815407	,0.41586680244625485	,0.6044302378232428	,0.6086277012143856	,0.7109042962911579	, 0.7131751675078791	 0.7673860362927368	 0.7685864248657368	 0.8278140793283825	 0.8278580670305079
665.3266331658291, 0.02619211435080309	, 0.021019813336344718	, 0.1414124707892272	,0.14684960660182	,0.4255487935686974	,0.4325053951946149	,0.6202040456744267	,0.6240789422070954	,0.7234880719813273	, 0.7255389813324499	 0.7774497353400032	 0.7785219841617951	 0.8342247369484902	 0.8342637245138955
673.3668341708542, 0.025375922440838684	, 0.020342700509846563	, 0.14714386046649644	,0.1538850341849019	,0.44195263555520586	,0.44851202725657946	,0.6349377549013803	,0.6384686027156438	,0.7350486509960755	, 0.7368805387956493	 0.7866318428311799	 0.7875791219875743	 0.8400780706604946	 0.8401119588381581
681.4070351758794, 0.024623181627838976	, 0.01972258102246604	, 0.15391193811814816	,0.1612633036608807	,0.4577005138802529	,0.46388522559206585	,0.6486467918359384	,0.6518819647058471	,0.7456594213762257	, 0.747310149047617	 0.795018467430957	 0.7958637023526581	 0.8454466069323133	 0.8454762606328078
689.4472361809045, 0.02393138362133363	, 0.019155114554814893	, 0.16114875523351443	,0.1686060834625219	,0.4727913342386547	,0.47864997553387095	,0.6614195533586974	,0.664414824458893	,0.7554265384125741	, 0.756934573968493	 0.8027066146776528	 0.8034722910542185	 0.8503923063502987	 0.8504186245844457
697.4874371859296, 0.02329507432232472	, 0.018633774444602003	, 0.16844918700667869	,0.17574335683107933	,0.48725839929858733	,0.4928382685447109	,0.6733533193987583	,0.6761559780161878	,0.7644513316926296	, 0.7658477703384211	 0.8097841002418912	 0.8104881096730142	 0.8549675415587702	 0.8549912537482844
705.5276381909548, 0.02270488669101913	, 0.01815248125342589	, 0.1756366570037249	,0.18269858840535685	,0.5011411249777229	,0.5064815379147388	,0.6845357539487291	,0.6871831201047981	,0.7728213743942495	, 0.7741300918848515	 0.8163257719750888	 0.8169817059079252	 0.8592165123787681	 0.8592381770503987
713.5678391959799, 0.022155396886913155	, 0.017708009807468134	, 0.18272565308257604	,0.18961834864087887	,0.514475602093802	,0.5196093891557269	,0.6950423794962166	,0.6975640756235874	,0.7806109072466897	, 0.7818503726106018	 0.8223947700269797	 0.8230130287998731	 0.8631766106026929	 0.8631966553918217
721.608040201005, 0.021645253843985024	, 0.017298601160892466	, 0.18984181584592033	,0.1966761310119525	,0.5272952628113734	,0.5322501214591528	,0.7049389107737087	,0.7073582584074195	,0.7878833883292075	, 0.7890677666026198	 0.8280447138898552	 0.8286331960269064	 0.866879596426825	 0.8668983467933591
729.6482412060301, 0.021173562625532886	, 0.0169215258390528	, 0.19712802153082645	,0.20399523445843915	,0.5396307672337941	,0.5444300471026507	,0.7142817575479189	,0.7166172307142772	,0.7946926694591328	, 0.7958329382964984	 0.8333210093479565	 0.8338857848600872	 0.8703525527132245	 0.8703702586230712
737.6884422110552, 0.020735657947212875	, 0.016572333875299158	, 0.20467827461910693	,0.21162208768800095	,0.551509397585969	,0.5561735743540059	,0.7231189831054446	,0.7253860865470375	,0.8010844112095687	, 0.8021896044519757	 0.8382621735369252	 0.8388081878455753	 0.8736186754784969	 0.8736355376942814
745.7286432160804, 0.020325561130682616	, 0.016247541560182852	, 0.21251775767358996	,0.21953997835217248	,0.5629559270352351	,0.5675038308265867	,0.7314925987523485	,0.7337051947705414	,0.80709807698262	, 0.8081761269240149	 0.8429013406078533	 0.8434328863248722	 0.8766979346421978	 0.8767141229074639
753.7688442211055, 0.019940440061071776	, 0.015945485437507453	, 0.22061900703686632	,0.22769882884598014	,0.5739947191707898	,0.5784437805064158	,0.7394412239008444	,0.7416116208656756	,0.8127689273774936	, 0.8138267399557768	 0.8472676632154322	 0.8477884406821259	 0.8796076209856755	 0.879623279391832
761.8090452261306, 0.019579590965753124	, 0.015665458101682517	, 0.22893025071509132	,0.23603995029065775	,0.5846500454170949	,0.5890151839732551	,0.747000436154013	,0.7491385610709883	,0.8181285328942273	, 0.8191715715407093	 0.8513868719384851	 0.8518997957241686	 0.8823627793355068	 0.8823780228338819
769.8492462311558, 0.019243230081298017	, 0.015406702974805753	, 0.2373957278631292	,0.24450905693884417	,0.5949431759644418	,0.5992370691606927	,0.7542007797057657	,0.7563147963891685	,0.8232039759789136	, 0.8242366975733422	 0.8552811181506481	 0.8557885620787716	 0.884976546189885	 0.8849914686091966
777.8894472361809, 0.018930268532859725	, 0.015167009235133824	, 0.24596592967628006	,0.25306171097404734	,0.6048919996732196	,0.609126370022678	,0.7610683761793863	,0.7631656877222333	,0.828018564704969	, 0.829044982056941	 0.8589695615236067	 0.8594736519341118	 0.8874604475375591	 0.887475131135916
785.929648241206, 0.01863684821973321	, 0.014943473887034127	, 0.2546012042668228	,0.2616635750132437	,0.6145123734578533	,0.6186989284269938	,0.7676263075418768	,0.7697141562185176	,0.832592812826683	, 0.8336168066666422	 0.8624690373016333	 0.862971811658445	 0.889824650776485	 0.8898391714719558
793.9698492462311, 0.01835959283110672	, 0.014734312126469215	, 0.26327070448220274	,0.2702883798506609	,0.6238196411912055	,0.6279707841019047	,0.77389578479816	,0.7759818667732671	,0.8369452043355748	, 0.8379708825234264	 0.8657945702985053	 0.8662981672046025	 0.8920781714204427	 0.8920926050745157
802.0100502512562, 0.018097200743394205	, 0.014538711561350115	, 0.2719509369048126	,0.27891677667862547	,0.6328309979473211	,0.6369589735856073	,0.7798981210895951	,0.7819898521471711	,0.8410934232231877	, 0.84212471482122	 0.8689601116434278	 0.8694665730549812	 0.8942290536753043	 0.8942434725334604
810.0502512562814, 0.017849249182167546	, 0.014356330496232464	, 0.28062474572339613	,0.2875346402022827	,0.6415645268691648	,0.6456792773862337	,0.7856539290491507	,0.7877569225819826	,0.8450540046205499	, 0.8460938490705463	 0.8719784629237531	 0.872489332272662	 0.8962845044627988	 0.8962989668936169
818.0904522613065, 0.017615908024601945	, 0.014187140038902682	, 0.2892791422213948	,0.29613091307951983	,0.650034869155476	,0.654144607750898	,0.7911801100085841	,0.7932989358041976	,0.8488408130229859	, 0.8498916304577704	 0.8748605970195121	 0.8753771630952997	 0.8982509875587014	 0.8982655438933105
826.1306532663316, 0.01739761850681501	, 0.014030671948543535	, 0.2979036746985825	,0.30469681819402417	,0.6582536341208185	,0.6623662773338485	,0.7964908358631135	,0.7986300645231253	,0.8524657575203631	, 0.8535300157478501	 0.8776160940661946	 0.8781396786404262	 0.9001343271098441	 0.9001490279701478
834.1708542713568, 0.01719336700222733	, 0.013885278525054074	, 0.3064900451427275	,0.31322573476645055	,0.6662315578915308	,0.6703546116245507	,0.8015993725363024	,0.8037631538776179	,0.8559398745992074	, 0.8570198048459398	 0.8802537460999783	 0.8807855560132138	 0.9019398028471569	 0.9019546960915904
842.2110552763819, 0.017000493466452615	, 0.013749147907673842	, 0.3150318876016261	,0.32171266081208844	,0.6739780763341026	,0.6781191432452058	,0.8065173698427331	,0.8087097049441032	,0.8592729169097075	, 0.8603706449485238	 0.8827813878785746	 0.8833225767441405	 0.9036722130845685	 0.9036873450594477
850.251256281407, 0.01681699495296366	, 0.013621300635495572	, 0.32352438527094246	,0.3301539310235022	,0.6815020322241364	,0.6856700699785727	,0.811255246960828	,0.813481041771723	,0.8624735739438105	, 0.8635917186909234	 0.8852060347284928	 0.885758009007575	 0.9053359332281664	 0.9053513570610244
858.2914572864321, 0.016642172635469667	, 0.0135012923763348	, 0.33196456415849346	,0.33854765693134403	,0.688814795163029	,0.6930194211338814	,0.8158246861640049	,0.8180891527701267	,0.8655508941115924	, 0.8666922415847313	 0.8875346280920862	 0.8880988948050782	 0.9069349820163976	 0.9069507558686818
866.3316582914572, 0.016475753191066343	, 0.013388853800761383	, 0.34035152297431304	,0.34689304762258183	,0.6959303385306711	,0.7001784544534706	,0.8202385812293128	,0.8225447491548141	,0.8685142848780832	, 0.8696804435881165	 0.8897740762203675	 0.890351581007705	 0.9084730660742087	 0.9084892379020553
874.3718592964824, 0.01631757107561825	, 0.013283918710535454	, 0.34868466259682085	,0.3551888038686892	,0.7028595224222357	,0.7071547423035196	,0.8245069066771527	,0.8268554368666415	,0.8713713211551853	, 0.8725626458331233	 0.8919302009368659	 0.8925212886789614	 0.9099535906591842	 0.9099701960328125
882.4120603015075, 0.016167858995782793	, 0.013186664958121713	, 0.3569623059263735	,0.36343302530030075	,0.7096083449784054	,0.7139539136307361	,0.8286359125322148	,0.8310272642318173	,0.8741273907839936	, 0.8753441522499197	 0.8940075799615466	 0.8946125753889826	 0.9113796833663501	 0.9113967596566297
890.4522613065326, 0.016027162110713745	, 0.013097062684087122	, 0.36518238752966065	,0.37162378556033443	,0.7161823766223775	,0.7205816953626721	,0.8326316535133809	,0.8350662224461138	,0.8767876558181757	, 0.8780300825011592	 0.8960105358149503	 0.8966297712720408	 0.9127542426748798	 0.9127718321494934
898.4924623115578, 0.015895321023015677	, 0.013014248859693078	, 0.37334295300840953	,0.379759258055719	,0.7225885536543205	,0.7270428829359682	,0.8365012058001123	,0.8389771829085234	,0.8793577205064792	, 0.8806247608545431	 0.8979434925243999	 0.8985766918201453	 0.9140799712464398	 0.9140981082028028
906.5326633165829, 0.015770844845829617	, 0.01293696425703661	, 0.38144196913562545	,0.3878377371589836	,0.7288320852354233	,0.7333398586269082	,0.8402499204670099	,0.842762432779322	,0.8818420860102174	, 0.8831308557024872	 0.8998102224953767	 0.900456210161228	 0.9153593794880903	 0.9153780829920297
914.572864321608, 0.01565209913849203	, 0.012864399902329012	, 0.389477400998451	,0.39585785005212504	,0.7349148277585014	,0.7394738050918723	,0.8438799552694609	,0.8464225856737544	,0.8842433035737672	, 0.8855498645656906	 0.9016134193480384	 0.9022704980991214	 0.91659479073127	 0.9166140737660292
922.6130653266331, 0.015538316161590172	, 0.01279622051531638	, 0.3974478898633207	,0.4038192857398741	,0.7408386451675405	,0.7454472878906739	,0.8473929765646373	,0.8499585186574669	,0.8865634657468202	, 0.8878831675668201	 0.9033554362107971	 0.904021557825031	 0.9177883713767375	 0.917808247842879
930.6532663316582, 0.015429313154602307	, 0.012732247408880501	, 0.40535402731406794	,0.4117233948730262	,0.7466095628063477	,0.7512645309620193	,0.8507932480281953	,0.8533712299212532	,0.8888058996190898	, 0.8901318942137046	 0.9050391391060254	 0.9057111685958472	 0.9189421651188131	 0.9189626375637774
938.6934673366834, 0.015324986697186484	, 0.01267231590770741	, 0.41319855134025785	,0.41957170349098116	,0.752236555065336	,0.7569265350984805	,0.8540863829979879	,0.8566578459564836	,0.8909744669941864	, 0.892294655641432	 0.906667588551816	 0.9073397671348489	 0.9200581016582338	 0.9200791289565512
946.7336683417085, 0.015225167386772747	, 0.012616313545924903	, 0.42098347785106516	,0.42736384693161344	,0.757723385934709	,0.7624270393684969	,0.8572732192009016	,0.8598085204394225	,0.8930702184975564	, 0.8943657356490158	 0.9082424019363153	 0.9089055236888741	 0.9211379718312783	 0.9211594496978102
954.7738693467336, 0.015129786216221228	, 0.012564286116454357	, 0.42870799987492153	,0.4350980547418398	,0.7630652424930191	,0.7677550326781991	,0.8603475941883553	,0.8628080659270524	,0.8950901534901181	, 0.8963358081558616	 0.9097631172088716	 0.9104046489718667	 0.9221834186522725	 0.9222051833317617
962.8140703517588, 0.015039072603714732	, 0.012516463963296805	, 0.4363700852447984	,0.44277257144515825	,0.7682545102419676	,0.7728984433984778	,0.8633006468237331	,0.8656381386893969	,0.8970294935500429	, 0.8981928925741873	 0.9112282862814238	 0.9118318199884207	 0.9231959672852964	 0.9232177884381755
970.8542713567839, 0.014953514067024878	, 0.012472985709269762	, 0.44396844060194207	,0.4503859145628218	,0.7732863062686292	,0.7778440835263065	,0.8661246952573478	,0.8682761713777285	,0.8988837271971151	, 0.8999213840667881	 0.9126364822067625	 0.9131796335999187	 0.924177057018904	 0.9241985977409436
978.894472361809, 0.014873326433034297	, 0.0124334578654759	, 0.451502576523594	,0.45793608329218827	,0.7781580683436576	,0.7825726419116614	,0.8688123516220914	,0.8706895989207941	,0.9006479937938111	, 0.9014981489837116	 0.913986000442113	 0.9144365223495019	 0.9251280467927367	 0.9251487812433649
986.9346733668341, 0.01479786244922311	, 0.012397075224182846	, 0.4589713158925426	,0.46541994061421527	,0.7828622088579281	,0.7870532829455844	,0.8713496906210569	,0.8728292419682246	,0.9023129845224751	, 0.9028878021839529	 0.9152727855849635	 0.915584135797352	 0.9260501792453201	 0.9260692904966142
994.9748743718592, 0.014725988299221955	, 0.012363189897313599	, 0.466371818627937	,0.47283353908167336	,0.7873800930845146	,0.7912438479824372	,0.873710391716862	,0.8746273137346874	,0.9038612159678994	, 0.9040403695680376	 0.9164884573847407	 0.9165958086442335	 0.9269445389024268	 0.9269608218708181
1003.0150753768844, 0.014656914304598359	, 0.012331511990734054	, 0.4737003891532972	,0.48017298318347845	,0.7916850320079987	,0.795093874992628	,0.8758574187223023	,0.8759972756333722	,0.9052674917454033	, 0.9048896710499601	 0.9176203851698411	 0.9174352828348211	 0.9278120525800506	 0.9278237847566886
1011.0552763819095, 0.014590370600858412	, 0.012301961693722076	, 0.4809540639462993	,0.48743568363269546	,0.7957484819359716	,0.7985462866345117	,0.877747042521979	,0.8768312683549456	,0.9065005996046571	, 0.9053497435343038	 0.918652373242539	 0.9180542743517558	 0.9286535070828854	 0.9286582417887052
1019.0954773869346, 0.014526345555165965	, 0.01227451642341011	, 0.48813244742055534	,0.4946210938080685	,0.7995438935148205	,0.8015342324168764	,0.8793300909670362	,0.8769915074862654	,0.9075231846513168	, 0.9053069621470458	 0.9195643905745324	 0.9183876230796687	 0.9294695491753385	 0.9294637889468924
1027.1356783919598, 0.014464854160262842	, 0.012249135861188835	, 0.49523836835843327	,0.5017285426157866	,0.8030439562194784	,0.8039687947487708	,0.8805464778244881	,0.8762922432095168	,0.9082872929572583	, 0.9046059510194285	 0.9203300146776804	 0.9183450361330321	 0.9302606370684866	 0.9302393414597798
1035.1758793969848, 0.014405831810685665	, 0.012225751122267469	, 0.502274353696208	,0.5087535612593223	,0.8062065331599654	,0.8057255472580385	,0.8813093311108497	,0.8744813732271174	,0.9087232319649747	, 0.9030360330095623	 0.9209102739633086	 0.9178032505952678	 0.9310269046508227	 0.9309828962264204
1043.21608040201, 0.01434915482316257	, 0.012204300876853091	, 0.5092377005721505	,0.5156875643027438	,0.8089611906574034	,0.8066420196650725	,0.8814896895766546	,0.8712346356549995	,0.9087282173073509	, 0.9003291673543742	 0.9212470790598294	 0.9166055060592408	 0.9317679934183599	 0.9316914390476267
1051.2562814070352, 0.01429473698774404	, 0.01218479113753001	, 0.5161207327543954	,0.5225202231469653	,0.8112113300374783	,0.8065203346751176	,0.8809143270972557	,0.8661608544627639	,0.9081625706783	, 0.8961744524863138	 0.9212603454892027	 0.914573520212653	 0.9324829476374954	 0.9323611630737574
1059.2964824120602, 0.014242624213518287	, 0.012167351530702013	, 0.52291455830598	,0.529241157216793	,0.8128427839123663	,0.8051266816683726	,0.8793686749186082	,0.8588189299864948	,0.9068495226211212	, 0.8902597432134629	 0.9208471734687856	 0.9115414797008698	 0.9331701499727795	 0.9329883011444322
1067.3366834170854, 0.014193058401302196	, 0.012152207475153026	, 0.5296117171994927	,0.5358402313551862	,0.8137277579386049	,0.8021862466885961	,0.8765965682057488	,0.8487572598186724	,0.9045752802093316	, 0.882358921777362	 0.919882014779743	 0.9074252353507128	 0.9338272771398	 0.9335709942097857
1075.3768844221104, 0.014146423177238732	, 0.012139471124783767	, 0.5362070261149977	,0.5423061891259717	,0.8137225016484384	,0.7973699138556181	,0.8722960953026442	,0.8355897295542218	,0.901091450015411	, 0.8724781492259532	 0.9182200851327129	 0.9023295813834652	 0.9344513401935735	 0.9341122752134371
1083.4170854271356, 0.014102939277822265	, 0.012128909103801818	, 0.5426960558260816	,0.5486237062653944	,0.8126522969575067	,0.7902780274626016	,0.8661069486777027	,0.8191428666847242	,0.89612190665596	, 0.8610565198694401	 0.91570729028849	 0.8966669042720913	 0.935038915239007	 0.934623174174622
1091.4572864321608, 0.014062320521258663	, 0.012120038070857892	, 0.5490708275205577	,0.5547715401593581	,0.8102833323093109	,0.7804485132484158	,0.857601621678305	,0.7997110442054184	,0.8893940096388409	, 0.8491390113988462	 0.9122111532630749	 0.8911948153410725	 0.9355869464798972	 0.9351230399539708
1099.497487437186, 0.014023895441918496	, 0.012112436750418823	, 0.555316705013143	,0.5607234035292085	,0.8063070272821797	,0.7674056510905147	,0.8463327939865676	,0.778343227120474	,0.8807443684343935	, 0.8382979007467821	 0.9077026422571516	 0.8868332250172412	 0.9360949104675089	 0.9356337328007751
1107.537688442211, 0.013987065618841643	, 0.012105883861460479	, 0.5614138247037506	,0.5664494629749183	,0.8003537726070312	,0.7507405827928652	,0.8319745713224159	,0.7569344526558104	,0.8703178856086901	, 0.8301423536234283	 0.9023885581205822	 0.884280530215798	 0.9365683280361949	 0.9361698835876407
1115.577889447236, 0.013951527826531996	, 0.012100300563858446	, 0.56734012277966	,0.5719171729561808	,0.792019727226727	,0.7302212133084883	,0.8145394141304881	,0.7378986935266727	,0.8587814748208793	, 0.8256576248656318	 0.896814630657749	 0.8837170862147907	 0.9370212582169696	 0.9367334491911866
1123.6180904522612, 0.013917201651920778	, 0.012095664523456008	, 0.5730733444154118	,0.5770920109642517	,0.7808975559424327	,0.705929289299325	,0.7946198269685364	,0.7234425899816138	,0.8473821853292162	, 0.8248773992117576	 0.8918050182635693	 0.8848347799895745	 0.937473961815837	 0.9373165183681403
1131.6582914572864, 0.01388410330057785	, 0.012091962288403767	, 0.578592815028612	,0.581937241806061	,0.7666183004156687	,0.6783965462435249	,0.7735423582752454	,0.7148283469878288	,0.8376737002205875	, 0.827092328029588	 0.8881762463230813	 0.8870985036035871	 0.9379449069013797	 0.9379078735860088
1139.6984924623116, 0.013852268004148042	, 0.012089169278996888	, 0.5838804667275641	,0.5864098051804864	,0.748902219797274	,0.6486983494050661	,0.7532627571437306	,0.7121023645638699	,0.8309554599826628	, 0.8313178794044022	 0.8863879998410987	 0.8899939300798926	 0.9384427823360244	 0.9384977858538422
1147.7386934673366, 0.013821706258310678	, 0.012087244255554524	, 0.5889170330106186	,0.5904529900459244	,0.7276144085296421	,0.6184708375251011	,0.7359368885401175	,0.7143715150548416	,0.827796563977488	, 0.8366584908115361	 0.8864104683593963	 0.8931404037421542	 0.9389652032952388	 0.9390796180311844
1155.7788944723618, 0.013792378625570548	, 0.012086135201280025	, 0.5936723925621733	,0.593992810977151	,0.7028601306654325	,0.5897852709165411	,0.7233407517101885	,0.7203051030756701	,0.8279769449014999	, 0.842450250238013	 0.8878693627708378	 0.8962965118117687	 0.9395034469775358	 0.9396494969291016
1163.8190954773868, 0.013764204932910614	, 0.0120857908602931	, 0.5980989794409124	,0.5969406721459752	,0.6751573413608165	,0.5648058680155978	,0.7163972005064904	,0.7285587410445322	,0.8307673854568752	, 0.8482604495254246	 0.8902770872618929	 0.8993259734494811	 0.9400476920811085	 0.9402054752778906
1171.859296482412, 0.01373710158084333	, 0.012086175939521914	, 0.6021348142511854	,0.599196989713793	,0.6456076023802806	,0.5453084610778989	,0.7149985389793173	,0.7380180255947053	,0.8352761839654822	, 0.8538374346452297	 0.8931920782315526	 0.9021622618994218	 0.940589833697056	 0.9407468178972668
1179.8994974874372, 0.013711014449767217	, 0.01208729388008746	, 0.605709906455515	,0.6006526001100465	,0.6159107043112292	,0.5322858689675394	,0.718210414340936	,0.7478773332101323	,0.8407014636940012	, 0.8590546736202315	 0.8962858437222652	 0.9047815662130594	 0.941124271384842	 0.941273504988094
1187.9396984924622, 0.013685943889040502	, 0.012089213660780319	, 0.6087496565487605	,0.6011892153990931	,0.5881432285781333	,0.5258210756063483	,0.7247147681438708	,0.7576151087441775	,0.8464468603322306	, 0.8638643890095332	 0.8993480126284709	 0.9071842478852048	 0.9416476719986351	 0.9417859090476539
1195.9798994974874, 0.013661977603170339	, 0.012092078452632528	, 0.6111760655101636	,0.600679602126679	,0.5643420384339478	,0.5252432787733732	,0.7332200701244509	,0.7669293232518365	,0.8521287769630664	, 0.8682648633523363	 0.9022617563280569	 0.9093832693978884	 0.9421583716689047	 0.9422845992818699
1204.0201005025124, 0.013639315388983754	, 0.012096053183657023	, 0.6129085308008131	,0.5989852592136315	,0.5460420881382604	,0.5294473881188956	,0.7426899216384587	,0.775671705118041	,0.8575324392861995	, 0.8722796409484203	 0.9049736867809421	 0.9113975001808374	 0.9426557905237428	 0.9427702312026023
1212.0603015075376, 0.013618223446885453	, 0.012101201002321456	, 0.6138619891235014	,0.5959501691189601	,0.5339765805666902	,0.5372192514911339	,0.7524049329005116	,0.7837929424176694	,0.8625599192302656	, 0.8759442141897616	 0.9074696239606387	 0.9132476772288356	 0.9431400012421779	 0.943243481200962
1220.1005025125628, 0.013598875368677635	, 0.012107394259281841	, 0.6139379708052669	,0.5913967973023261	,0.5280757920705482	,0.5474510203147278	,0.7619281253288362	,0.7912989440873072	,0.8671866282982157	, 0.8792967066613473	 0.9097576136362068	 0.9149535887992933	 0.9436114419007686	 0.9437049996813466
1228.140703517588, 0.013581183460156278	, 0.012114376244150942	, 0.6130113418177763	,0.5851335817801967	,0.5277010472699174	,0.5592244523661342	,0.7710275849407143	,0.7982200623456029	,0.8714271404855709	, 0.882372239503313	 0.911855775665315	 0.9165324648812818	 0.9440707140848311	 0.9441553821431381
1236.180904522613, 0.013564817355276348	, 0.012121904016632622	, 0.6109258763425461	,0.5769725004541223	,0.531911933083583	,0.5718182145930762	,0.7795938277326439	,0.8045953224736708	,0.8753105074268293	, 0.8852013441466199	 0.9137840217623181	 0.9179988043434336	 0.9445184416504855	 0.9445951645816019
1244.221105527638, 0.013549400240601481	, 0.012129827753317451	, 0.6075046240433865	,0.5667484356843161	,0.5396529662149778	,0.5846924357761737	,0.7875814259120993	,0.8104668992166404	,0.878867504248812	, 0.8878106650829714	 0.9155602939486326	 0.919364967339856	 0.9449552029847558	 0.9450248335759441
1252.2613065326632, 0.013534667753098662	, 0.012138083030649446	, 0.6025651549771369	,0.5543379976307629	,0.5498854132509993	,0.5974653919860291	,0.7949809208942288	,0.8158780144857719	,0.8821274527178115	, 0.8902238602640564	 0.9172002513880603	 0.9206417285225805	 0.945381524008282	 0.9454448367604784
1260.3015075376884, 0.013520491432767708	, 0.012146651780927121	, 0.5959312640755755	,0.539680138198014	,0.5616889015472013	,0.6098841154044445	,0.8018066996353099	,0.8208712915470942	,0.885118432883896	, 0.8924620616637997	 0.9187179525453951	 0.9218385793940372	 0.9457978910876114	 0.9458555890107866
1268.3417085427136, 0.013506832530620192	, 0.012155531917190491	, 0.5874430379667527	,0.5227985359294043	,0.574319017565682	,0.6217937491275453	,0.8080889142896127	,0.8254874455492089	,0.8878673284947161	, 0.8945441145095173	 0.9201262329262834	 0.9229639006477615	 0.9462047594408435	 0.9462574760862714
1276.3819095477386, 0.013493696508592548	, 0.012164724082341908	, 0.5769694650642281	,0.5038211528357086	,0.5872179855857602	,0.6331108475436501	,0.8138667131246597	,0.8297646126947481	,0.8903994448686665	, 0.8964868275961455	 0.9214367814848001	 0.924025115674193	 0.9466025557258628	 0.9466508577834712
1284.4221105527638, 0.013481106512034977	, 0.012174228672201649	, 0.564423166043692	,0.4829905830404968	,0.5999957152369302	,0.643802649145976	,0.8191834393984705	,0.8337381860540553	,0.8927382606679115	, 0.898305247926189	 0.9226601981686446	 0.925028838213651	 0.9469916797022537	 0.9470360710306062
1292.4623115577888, 0.013469089360167321	, 0.012184044020805536	, 0.5497714342335065	,0.46066410593655466	,0.6124004037216818	,0.6538709786183157	,0.8240839239878079	,0.8374406313898229	,0.8949054938220699	, 0.9000128097667224	 0.923806130323123	 0.9259809560926444	 0.9473725071642073	 0.9474134319446823
1300.502512562814, 0.013457665328196082	, 0.012194162178771234	, 0.5330380863065859	,0.4373111764960755	,0.6242885589251204	,0.6633383653529363	,0.8286128276038578	,0.8409009049045175	,0.8969211958748791	, 0.9016212645997309	 0.9248833833838417	 0.9268866155262011	 0.9477453926616193	 0.947783235991602
1308.5427135678392, 0.013446837697674635	, 0.012204566005822868	, 0.5143030498030597	,0.4135113139759045	,0.635594939380795	,0.6722364462046582	,0.8328125652115744	,0.8441438845859317	,0.8988034473488052	, 0.9031405853738914	 0.9258998393639687	 0.9277501902835993	 0.9481106688566642	 0.948145757501257
1316.5829145728642, 0.013436586344090177	, 0.012215230752626951	, 0.49371939670057335	,0.3899376366884946	,0.6463018447840209	,0.6805988974103364	,0.8367206301028388	,0.8471905260819135	,0.9005677104203648	, 0.9045791198735634	 0.9268622170607075	 0.9285753529370538	 0.9484686424067095	 0.948501250788408
1324.6231155778894, 0.013426871787894054	, 0.01222612968518364	, 0.47155213924550793	,0.3673115748510209	,0.6564137143773171	,0.6884590585122283	,0.8403679993211701	,0.8500586849248633	,0.9022265281394772	, 0.9059439617833649	 0.927775968835789	 0.9293652355437579	 0.9488195913854388	 0.9488499530322625
1332.6633165829144, 0.013417646581144487	, 0.01223723959656149	, 0.4482117204223232	,0.3463355396585057	,0.6659436482365986	,0.695849772075219	,0.8437797668792797	,0.8527639819107414	,0.9037899774275113	, 0.9072413074683047	 0.9286454861107618	 0.9301225826378534	 0.9491637680856705	 0.9491920872918247
1340.7035175879396, 0.01340886524254109	, 0.012248543844064149	, 0.42425459796757115	,0.3276234550252273	,0.6749099127349975	,0.7028033409681959	,0.8469769747765253	,0.8553203469820168	,0.9052664711120195	, 0.9084766749313525	 0.9294744446426958	 0.9308498451183773	 0.9495014049519392	 0.9495278645866295
1348.7437185929648, 0.013400489994578444	, 0.012260036287515895	, 0.40034874691894756	,0.3116457748209019	,0.6833357227622722	,0.7093511305468324	,0.8499781217444239	,0.8577402933536233	,0.9066633704836528	, 0.9096550158297683	 0.9302660660217604	 0.9315492285255375	 0.949832719595549	 0.9498574851329877
1356.78391959799, 0.013392495870767017	, 0.012271727827643901	, 0.37721656083126137	,0.29869729471894485	,0.6912484719772708	,0.7155231484551061	,0.8527999053964982	,0.8600350988873408	,0.9079872843728776	, 0.9107807917519656	 0.9310232457031906	 0.9322227260206745	 0.9501579175786373	 0.9501811392383475
1364.824120603015, 0.013384879323992505	, 0.012283656334480898	, 0.35556722346552605	,0.28888975653778093	,0.6986782048537084	,0.7213479114441418	,0.8554575089077828	,0.8622150059424687	,0.9092441932773239	, 0.911858057188694	 0.9317486069325827	 0.9328721541441463	 0.9504771937762055	 0.9504990082035337
1372.86432160804, 0.013377671784812006	, 0.012295895855804487	, 0.3360283062538997	,0.2821674586823216	,0.705656232676691	,0.7268526980262989	,0.85796479962444	,0.8642894724470337	,0.9104395410560585	, 0.912890560925955	 0.9324445408578729	 0.9334991964945282	 0.9507907333683214	 0.9508112653774756
1380.9045226130652, 0.01337095428841904	, 0.012308546792704576	, 0.31908683001898536	,0.2783418622955468	,0.7122145109807227	,0.7320639510446618	,0.8603346247928023	,0.8662673979407821	,0.9115783622097303	, 0.9138818347851752	 0.9331132616544295	 0.9341054422131702	 0.9510987130584454	 0.951118077189796
1388.9447236180904, 0.013364859884705536	, 0.012321695306100352	, 0.30505168222544027	,0.27713795484405485	,0.7183857992171454	,0.7370072323248393	,0.862579194659012	,0.8681571504848965	,0.9126654377101958	, 0.9148352013913575	 0.9337568738518351	 0.9346923899467194	 0.9514013025823868	 0.9514196036260826
1396.9849246231156, 0.013359543621458818	, 0.012335363991359176	, 0.294048664302937	,0.27824009464283983	,0.7242038969592389	,0.7417063506368957	,0.8647103368700764	,0.8699663222226732	,0.9137053937460328	, 0.9157536754562677	 0.9343774155694983	 0.9352614059329782	 0.9516986659411156	 0.9517159978147527
1405.0251256281406, 0.013355115282329567	, 0.012349493601895682	, 0.286050555424306	,0.28132455670359247	,0.7297027588123338	,0.746182170757752	,0.8667393062340478	,0.87170141956984	,0.9147026227575397	, 0.9166398428329661	 0.9349768259974207	 0.9358136719028052	 0.9519909613596585	 0.9520074052349038
1413.0653266331658, 0.013351572368762554	, 0.012363969614737107	, 0.28092600273544144	,0.2860755381698054	,0.7349140123763708	,0.7504520999378496	,0.8686761138618515	,0.8733677949100211	,0.9156610198880775	, 0.9174958375763269	 0.9355568334068681	 0.9363501744522172	 0.9522783396338091	 0.9522939635085326
1421.1055276381908, 0.013348791035823933	, 0.01237866972605472	, 0.27847956977615385	,0.2921921590105619	,0.739864266383637	,0.7545305876658763	,0.8705288823967506	,0.8749698795058312	,0.9165837380019083	, 0.9183234370696854	 0.9361188497924747	 0.9368717450667085	 0.9525609421899793	 0.952575803111348
1429.145728643216, 0.01334658482563825	, 0.012393500806891852	, 0.2784697973149238	,0.2993943067309727	,0.7445742621515212	,0.7584300990535633	,0.8723038122536885	,0.876511521859106	,0.917473186006115	, 0.9191241961360381	 0.9366639685773295	 0.9373791173211522	 0.9528389007355784	 0.9528530485106939
1437.1859296482412, 0.013344779522899485	, 0.012408410166882523	, 0.28061655674952557	,0.3074288643395532	,0.7490601846340336	,0.762161924542812	,0.8740057434941388	,0.8779962409680165	,0.9183312560509945	, 0.9198995456344893	 0.9371930603755781	 0.9378729692830116	 0.9531123387770165	 0.9531258191384172
1445.2261306532662, 0.013343254919209686	, 0.012423375131283623	, 0.284612976526871	,0.3160742683773027	,0.7533356938041395	,0.7657365891820973	,0.875638827193035	,0.8794273407984068	,0.9191595863263693	, 0.9206508356622455	 0.9377068848594128	 0.9383539423106484	 0.9533813737104616	 0.9533942299684705
1453.2663316582914, 0.013341947849351625	, 0.012438387709689963	, 0.2901442220308736	,0.32514197741123574	,0.7574133716634357	,0.7691639615602135	,0.8772069472863238	,0.8808079319636222	,0.9199597220380524	, 0.9213793424088985	 0.938206159783304	 0.9388226441831797	 0.9536461183323919	 0.953658391786515
1461.3065326633164, 0.013340835861757517	, 0.012453447823487446	, 0.2969066316108165	,0.3344752028117291	,0.7613053062749723	,0.7724532664370073	,0.8787138631298532	,0.8821409304108592	,0.920733166770384	, 0.9220862666328761	 0.9386915833385046	 0.939279648521978	 0.95390668154155	 0.9539184113519584
1469.3467336683416, 0.013339918841557169	, 0.012468562791222236	, 0.30462160620806256	,0.34394611307244366	,0.7650231409055271	,0.7756131308143289	,0.8801632014115633	,0.8834290720375727	,0.9214813763459274	, 0.9227727390217023	 0.9391638318042753	 0.9397254971376363	 0.9541631685398643	 0.9541743915880412
1477.3869346733668, 0.013339206351774949	, 0.012483743177636864	, 0.31304291681893404	,0.3534525634979103	,0.7685779784542114	,0.7786516702582719	,0.8815584206016037	,0.8846749400528757	,0.9222057434685714	, 0.9234398307126896	 0.9396235530764043	 0.9401607046233287	 0.9544156808903276	 0.9544264318078839
1485.4271356783918, 0.013338711697349553	, 0.01249899409312384	, 0.32195906943182995	,0.36291488828195295	,0.7719803741306873	,0.7815765652722786	,0.8829028122355667	,0.885880986177669	,0.9229075977263591	, 0.9240885611787838	 0.9400713666693801	 0.9405857618352633	 0.9546643166488662	 0.9546746279214442
1493.467336683417, 0.013338450454801235	, 0.012514311308203675	, 0.33119314055513194	,0.3722729167110298	,0.7752404664630446	,0.7843951008620862	,0.8841995454423985	,0.8870495384284041	,0.9235882228011912	, 0.9247199007130419	 0.9405078711169088	 0.9410011370530783	 0.9549091706224923	 0.9549190725967213
1501.5075376884422, 0.013338439982838242	, 0.012529687288657585	, 0.34060174096573365	,0.3814831613935935	,0.7783681613222795	,0.7871141637523349	,0.8854517221878977	,0.8881827961111468	,0.9242488776681531	, 0.9253347680215727	 0.9409336532141181	 0.9414072750646193	 0.955150334679781	 0.9551598553781344
1509.5477386934672, 0.013338696769181216	, 0.012545119716324077	, 0.3500735112975361	,0.39051585988974236	,0.7813732219751364	,0.7897401734516563	,0.8866623958793443	,0.8892828057511825	,0.9248908030025439	, 0.9259340205311396	 0.9413492910697964	 0.941804593145993	 0.9553878979754482	 0.9553970627418953
1517.5879396984924, 0.013339231755746727	, 0.012560612235208301	, 0.3595265434249995	,0.3993515853917974	,0.784265131673547	,0.7922789533364933	,0.88783451490497	,0.890351420943667	,0.925515197802516	, 0.9265184385257775	 0.9417553444416148	 0.942193474322861	 0.955621946953654	 0.9556307780830512
1525.6281407035176, 0.013340047556494032	, 0.012576167082675697	, 0.36890378265440776	,0.40797779194346057	,0.7870527028096402	,0.7947356282496431	,0.8889707910910245	,0.8913902737181111	,0.9261231666866222	, 0.9270887139259383	 0.9421523323511589	 0.9425742624752368	 0.9558525650898159	 0.955861081706512
1533.6683417085426, 0.013341139911633576	, 0.01259177860527062	, 0.37816627887618814	,0.4163861295985014	,0.7897436031545285	,0.7971146384638751	,0.8900735551858641	,0.8924007840766419	,0.9267156628883713	, 0.9276454541747373	 0.9425407085210662	 0.9429472638284229	 0.9560798325207458	 0.9560880509132686
1541.7085427135678, 0.01334250049420718	, 0.012607435002835524	, 0.38728590002083896	,0.42457098639351537	,0.7923440998587027	,0.7994198713910328	,0.8911446939943142	,0.8933842057910412	,0.9272934642851736	, 0.9281892004542166	 0.9429208506565128	 0.943312754629341	 0.9563038258525774	 0.9563117601990508
1549.7487437185928, 0.01334411716877813	, 0.01262312620269032	, 0.39623997590722876	,0.43252901314732334	,0.7948591882039215	,0.8016548399515988	,0.8921857108666488	,0.894341684743814	,0.927857198248952	, 0.9287204508588084	 0.9432930705946315	 0.9436709910755045	 0.9565246183256659	 0.9565322815085422
1557.788944723618, 0.013345972663283806	, 0.012638849369681824	, 0.40500900363741843	,0.4402590827352121	,0.7972929812497219	,0.8038228328167798	,0.8931978591923696	,0.8952743058987299	,0.928407394768103	, 0.9292396790183498	 0.9436576367789021	 0.9440222174128218	 0.9567422802390538	 0.9567496844726695
1565.8291457286432, 0.013348046325603652	, 0.012654606150491951	, 0.41357655092831624	,0.4477622422707173	,0.7996491131344433	,0.8059269930196508	,0.8941822692321717	,0.8961831152884223	,0.928944536334737	, 0.9297473426891552	 0.9440147956169619	 0.9443666697825714	 0.9569568794055177	 0.9569640365776944
1573.8693467336682, 0.013350320133593843	, 0.012670394014509156	, 0.42192986246372044	,0.4550414239860359	,0.801931012944197	,0.8079703176048203	,0.89514002850254	,0.8970691157491301	,0.9294690892595886	, 0.9302438817893942	 0.9443647850562455	 0.9447045755064293	 0.9571684814965034	 0.9571754032481048
1581.9095477386934, 0.013352783730834506	, 0.012686200316944543	, 0.4300602375819439	,0.46210091287793703	,0.8041420351629188	,0.8099556139440889	,0.8960722160219157	,0.8979332498965377	,0.9299815168039961	, 0.9307297113619982	 0.9447078404353553	 0.9450361501052229	 0.9573771502558237	 0.9573838478727975
1589.9497487437184, 0.013355432762615003	, 0.01270200583957464	, 0.43796289432767316	,0.46894579463954533	,0.8062854791352178	,0.8118854740190015	,0.8969799022261882	,0.8987763915295764	,0.9304822787996445	, 0.9312052180537376	 0.9450441945299646	 0.9453615957545289	 0.9575829476037573	 0.9575894318391379
1597.9899497487436, 0.013358261540551556	, 0.012717796407732398	, 0.4456363560631419	,0.47558162375087254	,0.808364535197489	,0.8137623021846648	,0.8978641268845446	,0.8995993563904763	,0.9309718225695459	, 0.9316707645056563	 0.9453740737902755	 0.9456811031373215	 0.9577859336585436	 0.9577922146197322
1606.0301507537688, 0.013361257752789533	, 0.012733575041574163	, 0.45308155806122585	,0.4820143652372429	,0.8103822084702391	,0.8155883847126867	,0.8987258721820418	,0.9004029268106241	,0.9314505719951824	, 0.9321266993901924	 0.9456976936697336	 0.9459948557798142	 0.9579861667205616	 0.9579922539065787
1614.0703517587938, 0.013364406244315778	, 0.012749367626132246	, 0.46030099896890087	,0.4882505234497951	,0.8123412822406906	,0.8173659693420364	,0.8995660514935426	,0.9011878785138981	,0.9319189229864558	, 0.9325733682965363	 0.9460152566152138	 0.94630303482123	 0.9581837032843868	 0.9581896057609639
1622.110552763819, 0.013367701254455605	, 0.012765219495319419	, 0.4672982398009265	,0.4942973358920006	,0.8142443572160087	,0.8190973247634996	,0.9003855246880677	,0.901954999047993	,0.9323772497002535	, 0.9330111211706542	 0.9463269546678356	 0.9466058223570298	 0.958378598125125	 0.9583843247459819
1630.1507537688442, 0.013371159568388491	, 0.012781184613982501	, 0.47407784845440437	,0.5001628823464949	,0.8160939542540059	,0.820784754125399	,0.9011851340084686	,0.9027050894226881	,0.9328259190615013	, 0.9334403129101976	 0.9466329757050699	 0.9469034018626883	 0.9585709044557752	 0.9585764640114653
1638.1909547738692, 0.013374826303381656	, 0.012797311593392941	, 0.4806456858352916	,0.5058559669824365	,0.8178926368598426	,0.8224305502946081	,0.9019657445017819	,0.9034389458502825	,0.9332653070755085	, 0.9338612958981178	 0.9469335105649388	 0.9471959551277875	 0.9587606741152346	 0.9587660753138144
1646.2311557788944, 0.013378769168610196	, 0.012813631474594444	, 0.48700930355294636	,0.5113857272386608	,0.8196430985943297	,0.8240369052057842	,0.9027282700648116	,0.904157326992223	,0.9336958092678376	, 0.9342744067002585	 0.947228757753158	 0.9474836566093726	 0.9589479577301465	 0.9589532089783672
1654.2713567839196, 0.0133830623532274	, 0.012830151463051368	, 0.4931781284467438	,0.5167610614075259	,0.8213481615876889	,0.8256058080220532	,0.9034736677258458	,0.9048609192807526	,0.9341178382614099	, 0.9346799520280489	 0.9475189226765346	 0.9477666673717632	 0.9591328047899814	 0.9591379138371796
1662.3115577889446, 0.013387765708897817	, 0.012846856791716281	, 0.4991631263978394	,0.5219900829906066	,0.8230106596954914	,0.8271389774243666	,0.904202893259513	,0.9055503156868758	,0.9345318057626127	, 0.9350782001785122	 0.9478042101298708	 0.9480451312976702	 0.9593152635974769	 0.9593202371903693
1670.3517587939698, 0.013392907382153652	, 0.012863719171515502	, 0.5049758672222081	,0.5270798315963472	,0.8246332365555331	,0.8286378609001251	,0.904916830744443	,0.9062260181194249	,0.9349380940945162	, 0.9354693820499943	 0.9480848121336225	 0.9483191753937015	 0.9594953811128752	 0.9595002248317799
1678.3919597989948, 0.01339847726147091	, 0.01288070642276555	, 0.5106272747594451	,0.5320363263549012	,0.8262181455670098	,0.830103694232472	,0.905616226760487	,0.9068884596579981	,0.9353370296737628	, 0.9358537001704607	 0.9483608963980056	 0.9485889135943539	 0.959673202774507	 0.9596779211408338
1686.43216080402, 0.013404433731476222	, 0.012897787743621212	, 0.516126598576187	,0.536864826636756	,0.8277671510252516	,0.8315375772392095	,0.9063016618927615	,0.9075380307914886	,0.9357288715805409	, 0.9362313393166453	 0.9486326011257122	 0.9488544513339584	 0.9598487724034246	 0.9598533691989986
1694.4723618090452, 0.013410718983463693	, 0.012914933582060665	, 0.5214810442003033	,0.5415700827931388	,0.8292815731899811	,0.8329405249313341	,0.906973571300225	,0.9081750961125852	,0.9361138199153903	, 0.9366024732427704	 0.9489000383212641	 0.9491158884945665	 0.9600221322528817	 0.9600266108848792
1702.5125628140702, 0.013417273771018048	, 0.012932113827335525	, 0.526696078859858	,0.5461564761762003	,0.8307624314735927	,0.8343134887124672	,0.9076322962173629	,0.9088000006051363	,0.9364920365903324	, 0.9369672671873718	 0.949163302580759	 0.9493733205340966	 0.9601933231715437	 0.9601976869363312
1710.5527638190954, 0.013424045021331052	, 0.01294929849144313	, 0.5317760532684627	,0.5506280929944148	,0.8322105952796041	,0.8356573674022865	,0.9082781350504148	,0.9094130728671793	,0.9368636659053727	, 0.9373258791532301	 0.9494224799486125	 0.9496268390650722	 0.9603623847912469	 0.9603666369982445
1718.5929648241204, 0.013430986508330672	, 0.01296646174236276	, 0.5367247516600666	,0.5549887999035131	,0.8336268815435219	,0.8369730226755161	,0.9089113746170302	,0.9100146302090298	,0.9372288470848655	, 0.9376784619752939	 0.949677653403714	 0.9498765327680317	 0.9605293556688795	 0.9605334996733931
1726.6331658291456, 0.013438057427803076	, 0.01298358704700957	, 0.5415457194492841	,0.5592423289121395	,0.8350120967520885	,0.838261297309693	,0.9095323023842034	,0.9106049848191444	,0.9375877191509328	, 0.9380251658498876	 0.9499289050545386	 0.950122488516355	 0.9606942733708529	 0.9606983125769055
1734.6733668341708, 0.013445223000758285	, 0.013000670620548285	, 0.54624242647254	,0.5633923475304894	,0.8363670516472091	,0.839523029755451	,0.910141210079535	,0.9111844486350782	,0.9379404223455846	, 0.9383661403550216	 0.95017631682346	 0.9503647922945467	 0.9608571745256942	 0.9608611123874432
1742.7135678391958, 0.013452457557307477	, 0.01301772152905229	, 0.550818358142779	,0.567442507305065	,0.8376925694507875	,0.8407590630331973	,0.9107383957237996	,0.9117533361624818	,0.938287098954543	, 0.938701535637532	 0.9504199708581597	 0.9506035297631127	 0.9610180948675925	 0.9610219348919231
1750.753768844221, 0.013459747939760546	, 0.013034758096820774	, 0.5552770697614834	,0.571396473017316	,0.8389894917130205	,0.8419702470841257	,0.9113241651983955	,0.9123119648556048	,0.9386278939737087	, 0.9390315025971682	 0.9506599498735486	 0.9508387863932292	 0.9611770692766692	 0.9611808150222557
1758.7939698492462, 0.013467094894227552	, 0.01305180138251561	, 0.559622210095472	,0.5752579174771767	,0.8402586806774636	,0.8431574310235973	,0.9118988327671251	,0.9128606518499284	,0.9389629553653727	, 0.9393561915713923	 0.95089633731663	 0.9510706469517731	 0.9613341318147504	 0.96133778687967
1766.8341708542712, 0.01347451124690941	, 0.013068867709549585	, 0.5638575268410595	,0.5790304643691603	,0.8415010185955504	,0.8443214442571064	,0.9124627205382391	,0.9133997068956973	,0.9392924338797309	, 0.9396757494592426	 0.9511292173417021	 0.9512991942960052	 0.9614893157565613	 0.9614928837439061
1774.8743718592964, 0.013482016849076532	, 0.013085963105189086	, 0.5679868591561587	,0.5827175982339533	,0.8427174026795199	,0.8454630745297262	,0.9130161562891431	,0.913929424534886	,0.939616482195876	, 0.9399903165234353	 0.9513586744897514	 0.9515245079990451	 0.9616426536147801	 0.9616461380743226
1782.9145728643216, 0.01348963141467026	, 0.013103081974294812	, 0.5720141011114142	,0.5863225983929727	,0.8439087321428563	,0.8465830563752932	,0.9135594684749907	,0.9144500802342044	,0.9399352529013527	, 0.9403000247950156	 0.9515847928590899	 0.9517466636406978	 0.9617941771545399	 0.9617975815178702
1790.9547738693466, 0.013497367554319833	, 0.013120210297444876	, 0.575943127665956	,0.5898485422285092	,0.8450758886234021	,0.8476820769238681	,0.9140929790889177	,0.9149619326872753	,0.9402488955826387	, 0.9406049989951218	 0.9518076548711994	 0.9519657331818921	 0.9619439173972407	 0.9619472449343897
1798.9949748743718, 0.013505226782446889	, 0.013137331498276677	, 0.5797777178776309	,0.5932983690675929	,0.8462197204589584	,0.8487607931492831	,0.9146169981632563	,0.915465229988687	,0.9405575545692485	, 0.9409053590535476	 0.9520273402898168	 0.9521817860501727	 0.9620919046239367	 0.962095158436152
1807.0351758793968, 0.013513200205697516	, 0.013154432380056123	, 0.5835215357677532	,0.5966749518780446	,0.8473410428622062	,0.8498198475271098	,0.9151318239924107	,0.9159602150770901	,0.940861368999659	, 0.9412012223557232	 0.9522439262267383	 0.9523948901364122	 0.9622381683928698	 0.9622413514286708
1815.075376884422, 0.013521273326721445	, 0.01317150721370016	, 0.5871781952109143	,0.599981127310764	,0.8484406551229017	,0.8508598729056721	,0.9156377491920207	,0.9164471273510004	,0.9411604752739656	, 0.9414927044495596	 0.9524574881924083	 0.9526051121422493	 0.9623827375762365	 0.9623858526414119
1823.1155778894472, 0.013529432530859477	, 0.013188559178739602	, 0.5907513656305817	,0.603219672522145	,0.8495193616817804	,0.8518814865366515	,0.9161350678421288	,0.9169262005674069	,0.9414550099791094	, 0.9417799182407093	 0.952668101388098	 0.9528125172716303	 0.9625256404052586	 0.9625286901458462
1831.1557788944722, 0.013537670526516343	, 0.013205599151817184	, 0.5942448340808539	,0.6063932520167057	,0.8505779793889396	,0.8528852793574293	,0.9166240776532258	,0.9173976591723877	,0.9417451108264869	, 0.942062972535945	 0.9528758411745236	 0.9530171686263325	 0.9626669045045342	 0.9626698913657974
1839.1959798994974, 0.013545989009413487	, 0.013222642305717663	, 0.5976624614077944	,0.6095043651961233	,0.8516173219532595	,0.8538718064080757	,0.9171050742998477	,0.9178617150441215	,0.9420309144257534	, 0.9423419707331218	 0.9530807821818407	 0.9532191266497957	 0.9628065569026916	 0.9628094830861841
1847.2361809045224, 0.013554398127991838	, 0.013239703451434999	, 0.6010080352223832	,0.6125553108722688	,0.8526381669640908	,0.8548415806569823	,0.9175783400198754	,0.9183185653721503	,0.9423125517203071	, 0.9426170099528631	 0.9532829963850402	 0.9534184487513296	 0.962944624020869	 0.9629474914631565
1855.2763819095476, 0.013562913297299375	, 0.01325679254472037	, 0.6042850808702375	,0.6155481707430279	,0.8536412203874134	,0.8557950702798205	,0.9180441316766211	,0.918768391690258	,0.9425901431720538	, 0.9428881806248552	 0.9534825510285777	 0.953615189119724	 0.9630811316523762	 0.963083942036205
1863.3165829145728, 0.0135715504810482	, 0.013273911868462489	, 0.6074967065574899	,0.6184848119082069	,0.8546270928788523	,0.8567326998578937	,0.9185026730890414	,0.9192113602739533	,0.9428637956383987	, 0.9431555666232905	 0.9536795072435307	 0.9538093987695907	 0.9632161049491464	 0.963218859743208
1871.3567839195978, 0.01358032138287125	, 0.013291055752805645	, 0.610645531010687	,0.6213669107706794	,0.8555962945042169	,0.8576548563257085	,0.9189541536938839	,0.9196476242186918	,0.9431336017874239	, 0.9434192460900923	 0.953873919741243	 0.95400112588518	 0.963349568424262	 0.9633522689400722
1879.396984924623, 0.01358923000933219	, 0.01330821258839533	, 0.6137337008740322	,0.6241959951997912	,0.8565492463534111	,0.8585618986975988	,0.9193987328765882	,0.920077326842709	,0.9433996418000117	, 0.9436792928094038	 0.9540658374953996	 0.9541904164095305	 0.9634815459716832	 0.9634841934249062
1887.4371859296482, 0.01359827159201145	, 0.013325368065035455	, 0.6167629766176981	,0.6269734917423402	,0.8574863031839111	,0.8594541683036233	,0.9198365479108256	,0.9205006052497713	,0.9436619865421654	, 0.9439357776625081	 0.9542553050746995	 0.9543773146794179	 0.9636120608990172	 0.9636146564637545
1895.4773869346732, 0.013607433926391091	, 0.013342508464386576	, 0.6197348535276345	,0.6297007621385298	,0.858407779932745	,0.8603319962364185	,0.9202677230598622	,0.9209175929075978	,0.9439207012287842	, 0.9441887696940994	 0.954442364211339	 0.9545618639010354	 0.9637411359669683	 0.9637436808140726
1903.5175879396984, 0.013616700330434175	, 0.013359623301916118	, 0.6226506816446403	,0.6323791229778237	,0.8593139751179014	,0.8611957072363374	,0.9206923774815484	,0.9213284209995163	,0.9441758486271119	, 0.944438336684112	 0.9546270551947482	 0.9547441064143284	 0.963868793428207	 0.9638712887442488
1911.5577889447236, 0.013626053089678639	, 0.013376707075238482	, 0.625511754665556	,0.6350098553371555	,0.8602051860731056	,0.8620456218757667	,0.9211106302650863	,0.9217332192086173	,0.9444274911171218	, 0.9446845454874762	 0.9548094177885421	 0.9549240838547637	 0.963995055059462	 0.9639975020505688
1919.5979899497486, 0.013635476534370194	, 0.013393760092434807	, 0.6283193547696092	,0.6375942159271518	,0.8610817149111306	,0.8628820592743106	,0.9215226023028269	,0.9221321166860699	,0.9446756914780394	, 0.944927462445932	 0.9549894916021577	 0.9551018373443689	 0.9641199421840877	 0.9641223420740244
1927.6381909547738, 0.01364495934230784	, 0.013410788315157818	, 0.6310747623218561	,0.640133454485133	,0.8619438684130345	,0.8637053406471974	,0.921928416158205	,0.9225252432641906	,0.9449205128618577	, 0.945167153898279	 0.9551673161057442	 0.9552774077273908	 0.9642434756871194	 0.9642458297177946
1935.6783919597988, 0.01365449595130195	, 0.013427802108638257	, 0.6337792533263431	,0.6426288305789046	,0.8627919569087777	,0.8645157916419912	,0.9223281956721191	,0.9229127301758837	,0.9451620186556384	, 0.9454036864902571	 0.9553429305882327	 0.955450835724236	 0.9643656760277535	 0.9643679854635993
1943.718592964824, 0.013664086999569088	, 0.013444813927212602	, 0.6364341044926309	,0.6450816169871404	,0.8636262954380444	,0.8653137407981563	,0.9227220663773321	,0.9232947093697772	,0.945400272667433	, 0.9456371269120086	 0.9555163742509751	 0.9556221618408811	 0.9644865632532695	 0.9644888293838086
1951.7587939698492, 0.013673738640388589	, 0.013461835322476103	, 0.6390406092984942	,0.6474930817190363	,0.8644472065935024	,0.8660995132332929	,0.923110156437127	,0.9236713111652366	,0.9456353395241357	, 0.9458675409545328	 0.9556876863959292	 0.9557914259802701	 0.9646061570146957	 0.9646083811475608
1959.7989949748742, 0.013683460629093324	, 0.013478874090350286	, 0.6416000917639656	,0.6498644533898624	,0.8652550215125839	,0.8668734216441059	,0.9234925968547272	,0.92404266103807	,0.9458672847736941	, 0.9460949922026032	 0.9558569064921382	 0.9559586668859453	 0.9647244765808369	 0.9647266600222438
1967.8391959798994, 0.013693263379257036	, 0.01349593253187399	, 0.6441139006203261	,0.6521968860744831	,0.8660500757521508	,0.867635758774932	,0.9238695198607395	,0.9244088770169768	,0.9460961742446924	, 0.9463195409663098	 0.9560240739230367	 0.9561239216757277	 0.9648415408466674	 0.9648436848745191
1975.8793969849244, 0.013703154654239826	, 0.013513007488620866	, 0.6465833777144707	,0.6544914417304026	,0.8668326999965382	,0.8683867951321795	,0.9242410555425875	,0.9247700689915032	,0.9463220726833111	, 0.9465412439859556	 0.9561892274140958	 0.956287225700946	 0.9649573683348874	 0.9649594741755415
1983.9195979899496, 0.013713136931230394	, 0.013530092141264024	, 0.6490098123003287	,0.6567490993322994	,0.8676032093503333	,0.8691267830942401	,0.9246073280880563	,0.9251263402788839	,0.9465450422211775	, 0.9467601550601155	 0.9563524043725954	 0.9564486128048351	 0.9650719771937466	 0.9650740460127922
1991.9597989949748, 0.01372320642305194	, 0.013547178908923749	, 0.6513944043415126	,0.6589707862295547	,0.8683618966082833	,0.8698559654348357	,0.9249684535311733	,0.925477790700426	,0.9467651414435365	, 0.9469763262988178	 0.9565136404719372	 0.956608115859671	 0.96518538519689	 0.9651874181074811
2000.0, 0.013733354194864964	, 0.013564262480211208	, 0.6537382571261323	,0.6611574174214747	,0.8691090332259902	,0.8705745845023117	,0.9253245402485291	,0.9258245198234227	,0.9469824255732668	, 0.9471898094569231	 0.9566729697112676	 0.9567657673509012	 0.9652976097503065	 0.9652996078340137
